1731497661069 0.13341 0
1731497715144 0.14254 1
1731497767599 0.11243 2
1731497820318 0.15829 3
1731497872998 0.16835 4
1731497927388 0.18308 5
1731497979815 0.20098 6
1731498032248 0.20319 7
1731498085695 0.24364 8
1731498137507 0.22418 9
1731498188063 0.24236 10
1731498237740 0.23458 11
1731498285443 0.25775 12
1731498333529 0.25469 13
1731498380870 0.26794 14
1731498428098 0.25922 15
1731498474953 0.26609 16
1731498522335 0.26652 17
1731498569640 0.27926 18
1731498616983 0.27997 19
1731498667601 0.29201 20
1731498713988 0.30146 21
1731498760343 0.29913 22
1731498805198 0.29265 23
1731498850644 0.30722 24
1731498895863 0.31197 25
1731498942422 0.32126 26
1731498986783 0.32282 27
1731499035585 0.32843 28
1731499081028 0.32718 29
1731499087397 0.3281357681212254 29
