1731497661069 0.27443 0
1731497715144 0.27118 1
1731497767599 0.23869 2
1731497820318 0.32509 3
1731497872998 0.32245 4
1731497927388 0.36569 5
1731497979815 0.38131 6
1731498032248 0.38337 7
1731498085695 0.42748 8
1731498137507 0.40217 9
1731498188063 0.42474 10
1731498237740 0.41312 11
1731498285443 0.44683 12
1731498333529 0.43421 13
1731498380870 0.46576 14
1731498428098 0.4587 15
1731498474953 0.45002 16
1731498522335 0.45795 17
1731498569640 0.47323 18
1731498616983 0.47209 19
1731498667601 0.4744 20
1731498713988 0.49051 21
1731498760343 0.49221 22
1731498805198 0.47838 23
1731498850644 0.50814 24
1731498895863 0.51102 25
1731498942422 0.51051 26
1731498986783 0.51707 27
1731499035585 0.51964 28
1731499081028 0.52153 29
1731499087397 0.5194468381260646 29
