1731497661069 0.39735 0
1731497715144 0.34692 1
1731497767599 0.37632 2
1731497820318 0.47111 3
1731497872998 0.45785 4
1731497927388 0.38794 5
1731497979815 0.44389 6
1731498032248 0.54283 7
1731498085695 0.51792 8
1731498137507 0.50426 9
1731498188063 0.51616 10
1731498237740 0.5264 11
1731498285443 0.51893 12
1731498333529 0.53814 13
1731498380870 0.5461 14
1731498428098 0.53155 15
1731498474953 0.48363 16
1731498522335 0.56222 17
1731498569640 0.57015 18
1731498616983 0.56789 19
1731498667601 0.6089 20
1731498713988 0.56812 21
1731498760343 0.56851 22
1731498805198 0.52289 23
1731498850644 0.57245 24
1731498895863 0.61694 25
1731498942422 0.59024 26
1731498986783 0.5382 27
1731499035585 0.56691 28
1731499081028 0.57561 29
1731499087397 0.5657434277665901 29
