1731497661069 0.34239 0
1731497715144 0.31249 1
1731497767599 0.2455 2
1731497820318 0.29121 3
1731497872998 0.33354 4
1731497927388 0.39604 5
1731497979815 0.37919 6
1731498032248 0.35829 7
1731498085695 0.40619 8
1731498137507 0.38983 9
1731498188063 0.41212 10
1731498237740 0.38405 11
1731498285443 0.43582 12
1731498333529 0.38315 13
1731498380870 0.43058 14
1731498428098 0.43844 15
1731498474953 0.45145 16
1731498522335 0.42784 17
1731498569640 0.46068 18
1731498616983 0.44101 19
1731498667601 0.42654 20
1731498713988 0.47564 21
1731498760343 0.46472 22
1731498805198 0.47002 23
1731498850644 0.50283 24
1731498895863 0.45806 25
1731498942422 0.49102 26
1731498986783 0.48236 27
1731499035585 0.48834 28
1731499081028 0.49492 29
1731499087397 0.48834077000649273 29
