1731608409995 0.40298964757320666 0
1731608436015 0.03200720879520008 1
1731608470038 0.02013928171377196 2
1731608495960 0.016600116956058543 3
1731608529565 0.01468554804464369 4
1731608555442 0.013499099647539646 5
1731608588887 0.012776594868926116 6
1731608614731 0.012067460306097082 7
1731608649042 0.011315855066302817 8
1731608674925 0.010474802767803763 9
1731608708502 0.009543609322146188 10
1731608734145 0.008517655790350291 11
1731608767692 0.007417751458570968 12
1731608793354 0.006294467332123151 13
1731608826559 0.005243865730441283 14
1731608852407 0.004265026624929052 15
1731608886593 0.003389183506315444 16
1731608912317 0.002624643755722033 17
1731608945944 0.0019907149581677216 18
1731608971852 0.0014725609007020762 19
