1 0.8684062499999999 0.5710304449648712 0.1625 0.29245901639344263
1 0.5965078125000001 0.37262295081967217 0.128265625 0.23353629976580795
1 0.7346484375 0.47415690866510535 0.098953125 0.22021077283372364
1 0.843890625 0.39124121779859483 0.10396875000000001 0.10857142857142857
1 0.5454921875000001 0.7689812646370023 0.289828125 0.4620374707259953
1 0.05059374999999999 0.5517798594847775 0.09784375 0.2554566744730679
1 0.15252343750000003 0.4717564402810304 0.121484375 0.2502576112412178
1 0.0750703125 0.36236533957845435 0.09223437500000001 0.2725526932084309
1 0.190671875 0.35138173302107734 0.090875 0.31629976580796254
1 0.28375 0.2820257611241218 0.096875 0.19552693208430913
1 0.35988281250000004 0.21989461358313817 0.088265625 0.22007025761124122
1 0.3751875 0.5883138173302108 0.20968749999999997 0.4077751756440281
1 0.656046875 0.3287939110070257 0.07025 0.19051522248243558
1 0.5 0.5 0.996875 0.9953161592505855
