1 0.3599453125 0.4125520833333333 0.380640625 0.5148958333333333
1 0.6023906250000001 0.40992708333333333 0.32965625 0.28160416666666666
1 0.5422890625 0.25144791666666666 0.21832812499999998 0.29456249999999995
1 0.915453125 0.57978125 0.16909375 0.5168541666666667
1 0.5636640625 0.5332395833333333 0.079359375 0.13685416666666667
1 0.1281328125 0.5568958333333334 0.256265625 0.4819583333333333
1 0.7262421874999999 0.7021145833333333 0.43410937499999996 0.27118749999999997
1 0.3575625 0.21709375 0.11903125 0.16889583333333333
1 0.20943750000000003 0.6355625 0.3173125 0.36174999999999996
1 0.18865625000000003 0.31078125 0.1389375 0.20235416666666667
1 0.8827890625 0.3415625 0.234421875 0.18441666666666665
1 0.6172109375 0.6010000000000001 0.254359375 0.2643333333333333
