0 0.8806484375 0.8573014018691589 0.237453125 0.26292056074766357
0 0.7799140625 0.6097897196261682 0.133390625 0.1622429906542056
0 0.4909375000000001 0.7443107476635512 0.12903125 0.1905841121495327
0 0.8156796875 0.45278037383177566 0.131234375 0.09752336448598131
0 0.6063750000000001 0.47516355140186917 0.07334375 0.0844859813084112
0 0.5661171875 0.611214953271028 0.11095312500000001 0.14953271028037382
0 0.41365625 0.5137616822429907 0.161 0.1467289719626168
0 0.2509765625 0.6537266355140188 0.130609375 0.155303738317757
0 0.1490703125 0.6095443925233645 0.10514062500000002 0.17296728971962616
0 0.2312578125 0.5191588785046729 0.15917187500000002 0.14817757009345794
0 0.45619531250000006 0.7127336448598129 0.165640625 0.18883177570093457
0 0.08934375 0.4463434579439252 0.1443125 0.12436915887850467
0 0.8353984375 0.6512032710280373 0.158421875 0.18595794392523365
0 0.43203125 0.5245327102803738 0.8640625 0.530373831775701
