1 0.15537 0.598502994011976 0.30774 0.7797604790419161
1 0.46698 0.685808383233533 0.07959999999999999 0.12946107784431138
1 0.63017 0.6271107784431137 0.08181999999999999 0.13607784431137726
1 0.48789 0.552440119760479 0.05306 0.09248502994011976
1 0.4109 0.6807335329341317 0.06516 0.07164670658682634
1 0.54008 0.5541017964071857 0.07840000000000001 0.15748502994011976
1 0.6496900000000001 0.5653892215568862 0.0517 0.12359281437125749
1 0.37827999999999995 0.5927095808383234 0.07551999999999999 0.1300299401197605
1 0.31901 0.6086377245508982 0.05686 0.07961077844311377
1 0.26265000000000005 0.7069161676646706 0.07026 0.08203592814371256
1 0.6605700000000001 0.35504491017964074 0.0757 0.1528443113772455
1 0.59493 0.3651497005988024 0.08326 0.1617365269461078
1 0.42845 0.613188622754491 0.054979999999999994 0.09152694610778443
1 0.581 0.4550898203592814 0.742 0.874251497005988
