1 0.7054504504504504 0.72481 0.3451951951951952 0.13506
1 0.42265765765765767 0.7880199999999999 0.25324324324324327 0.11204
1 0.27797297297297296 0.74476 0.2537837837837838 0.14668
1 0.13684684684684684 0.79167 0.2580780780780781 0.14582
1 0.9037537537537538 0.76442 0.18816816816816817 0.14472
1 0.6874174174174174 0.82333 0.13663663663663664 0.06042
1 0.7502102102102102 0.7918999999999999 0.13117117117117116 0.09056
1 0.5347147147147148 0.63713 0.09975975975975976 0.04182
1 0.44006006006006004 0.6578099999999999 0.16228228228228228 0.05906
1 0.47938438438438447 0.72304 0.1715015015015015 0.0716
