0 0.0827265625 0.44517708333333333 0.044890625 0.13556249999999997
0 0.160328125 0.4639375 0.0749375 0.149875
0 0.32482812499999997 0.45457291666666666 0.042812499999999996 0.09485416666666667
0 0.5296796875 0.4822916666666667 0.054890625000000005 0.08379166666666667
0 0.6035078125 0.4964375 0.078078125 0.119375
0 0.64540625 0.50396875 0.11821875 0.12385416666666667
0 0.46076562499999996 0.4729791666666667 0.04371875 0.09416666666666668
0 0.7823749999999999 0.47261458333333334 0.043375000000000004 0.03802083333333333
0 0.8687890625 0.48510416666666667 0.036046875 0.04945833333333333
0 0.030328125 0.43779166666666663 0.06065625 0.14129166666666665
0 0.30371875 0.4536145833333333 0.050687499999999996 0.10560416666666667
0 0.38865625000000004 0.4549479166666667 0.0394375 0.0990625
0 0.025320312499999997 0.6213333333333334 0.050640624999999995 0.11479166666666667
0 0.49921875 0.503125 0.9984375 0.45208333333333334
