1 0.1776876876876877 0.44827 0.3553753753753754 0.31858
1 0.5377027027027027 0.6554500000000001 0.23792792792792794 0.18586000000000003
1 0.8940540540540541 0.8691400000000001 0.2118918918918919 0.20964
1 0.28394894894894895 0.91682 0.22885885885885884 0.16636
1 0.49159159159159155 0.45223 0.464984984984985 0.44066000000000005
1 0.07057057057057058 0.056519999999999994 0.14114114114114115 0.09487999999999999
1 0.32780780780780777 0.83949 0.1990990990990991 0.08214
1 0.4536636636636636 0.8815299999999999 0.15309309309309307 0.1723
1 0.26917417417417416 0.13494000000000003 0.3486786786786787 0.26416
1 0.6682732732732732 0.8130799999999999 0.2921021021021021 0.20288
1 0.08638138138138138 0.9451499999999999 0.17276276276276276 0.1097
