1 0.1838828125 0.6834270833333334 0.34748437499999996 0.6270625
1 0.7517578125 0.6583125 0.379390625 0.6604166666666667
1 0.2156015625 0.3706770833333333 0.228015625 0.1190625
1 0.2773671875 0.26457291666666666 0.130484375 0.17010416666666667
1 0.35582812500000005 0.7669270833333334 0.27603125 0.4661458333333333
1 0.44397656249999995 0.3914895833333334 0.266203125 0.2901458333333334
1 0.6969531250000001 0.29140625 0.332625 0.3721041666666667
1 0.8856875000000001 0.3372083333333334 0.228625 0.330125
1 0.1389296875 0.10708333333333334 0.137953125 0.13470833333333332
1 0.049671875 0.11298958333333334 0.09934375 0.1220625
1 0.424890625 0.05707291666666667 0.1124375 0.11227083333333333
1 0.5152578125 0.32727083333333334 0.083765625 0.18183333333333335
