1 0.034796875 0.4593793911007025 0.041125 0.11585480093676814
1 0.8935625 0.42509367681498833 0.06640625 0.13318501170960187
1 0.30607812500000003 0.43214285714285716 0.050562499999999996 0.1440046838407494
1 0.051828125 0.3642271662763466 0.046625 0.11459016393442623
1 0.8977031249999999 0.46478922716627635 0.05315625 0.0796487119437939
1 0.5328671875000001 0.21848946135831382 0.041328125 0.09950819672131148
1 0.5688671875000001 0.2082903981264637 0.060671875 0.12351288056206089
1 0.6714921875 0.1752927400468384 0.052265625 0.16665105386416862
1 0.1708984375 0.38745901639344266 0.038546875 0.07327868852459016
1 0.05291406249999999 0.2971896955503513 0.027515625 0.04805620608899297
1 0.740625 0.3548009367681499 0.290625 0.24121779859484777
