1 0.42059375 0.5345104166666667 0.2506875 0.33289583333333334
1 0.60434375 0.44727083333333334 0.19375 0.31504166666666666
1 0.7197265625 0.6544270833333333 0.271296875 0.36172916666666666
1 0.864609375 0.47753124999999996 0.20224999999999999 0.3528125
1 0.44157812500000004 0.8078645833333333 0.2528125 0.3618125
1 0.1813984375 0.5351458333333333 0.23351562499999998 0.3217083333333333
1 0.42303125 0.1569270833333333 0.1584375 0.2426875
1 0.5559453125 0.26529166666666665 0.16604687499999998 0.2662083333333333
1 0.723921875 0.23397916666666668 0.16321875 0.25783333333333336
1 0.37378125 0.37385416666666665 0.192875 0.304625
1 0.20140624999999995 0.7105416666666666 0.19043749999999998 0.39775
1 0.2777734375 0.09703125 0.091171875 0.1940625
1 0.230796875 0.11139583333333333 0.12171875000000001 0.12691666666666668
1 0.55234375 0.33125 0.8765625 0.2916666666666667
