1 0.5311759581881533 0.097046875 0.22625435540069688 0.13003125
1 0.26351916376306617 0.2359453125 0.245993031358885 0.271390625
1 0.5492160278745645 0.61821875 0.10393728222996515 0.08315625
1 0.40594076655052264 0.5745859375 0.07275261324041811 0.084671875
1 0.6321951219512195 0.6914296875 0.07850174216027875 0.066984375
1 0.6676567944250872 0.6170625 0.07437282229965156 0.08365625
1 0.4961759581881533 0.677921875 0.052177700348432055 0.0563125
1 0.6166202090592334 0.613796875 0.07902439024390244 0.10384374999999998
1 0.24427700348432058 0.6330156250000001 0.0768815331010453 0.088
1 0.07763937282229964 0.694296875 0.06803135888501742 0.11121875
1 0.5662630662020905 0.6676328125000001 0.05865853658536586 0.054890625000000005
1 0.4712543554006969 0.61875 0.6742160278745645 0.1
