1 0.5685208333333333 0.5484765625 0.3684583333333334 0.310140625
1 0.15880208333333332 0.6116796875 0.29364583333333333 0.43820312499999997
1 0.8572708333333332 0.3423671875 0.169625 0.262109375
1 0.9396770833333332 0.57678125 0.07302083333333333 0.072375
1 0.29491666666666666 0.6788046875 0.19595833333333335 0.178640625
1 0.8123854166666666 0.363015625 0.17647916666666666 0.21375000000000002
1 0.7927604166666666 0.147125 0.11672916666666668 0.137
1 0.8346874999999999 0.6522421875 0.08333333333333333 0.08151562500000001
1 0.4724479166666667 0.564203125 0.1258125 0.12378125
1 0.72528125 0.1850703125 0.12635416666666666 0.16273437500000001
