1 0.0401640625 0.39552953156822807 0.078203125 0.26975560081466393
1 0.18453906250000002 0.37783095723014254 0.09829687499999999 0.24160896130346232
1 0.258796875 0.4220773930753564 0.122875 0.325010183299389
1 0.3339140625 0.3828818737270876 0.095546875 0.22979633401221997
1 0.46421875 0.6263951120162932 0.0769375 0.07014256619144603
1 0.48314843749999997 0.40163951120162933 0.095203125 0.23875763747454176
1 0.5584296875 0.4142769857433809 0.096359375 0.28822810590631365
1 0.63471875 0.44140529531568234 0.1133125 0.30126272912423624
1 0.7408125 0.46778004073319757 0.1393125 0.2817922606924644
1 0.7672656250000001 0.7198472505091651 0.098375 0.16865580448065173
1 0.1046640625 0.3915376782077393 0.10995312500000001 0.2893075356415479
1 0.8330390624999999 0.4501731160896131 0.108171875 0.30010183299389
1 0.409359375 0.4395315682281059 0.11299999999999999 0.3204073319755601
1 0.79375 0.7769857433808554 0.321875 0.4093686354378819
