1 0.55615625 0.6567604166666666 0.1110625 0.18272916666666666
1 0.45518749999999997 0.6713958333333334 0.096875 0.16895833333333332
1 0.516671875 0.6334166666666666 0.19371875 0.22591666666666665
1 0.612796875 0.5396770833333334 0.11481250000000001 0.16689583333333333
1 0.6881640625000001 0.55575 0.053765625 0.079375
1 0.3633984375 0.49622916666666667 0.161515625 0.20124999999999998
1 0.5464921875 0.5233333333333333 0.067453125 0.03675
1 0.655359375 0.5981875 0.090625 0.13799999999999998
1 0.737375 0.7033958333333333 0.2164375 0.21604166666666666
1 0.5660859375 0.43171875000000004 0.077953125 0.11997916666666668
