1 0.2135859375 0.5765104166666666 0.066515625 0.1050625
1 0.10303124999999999 0.609 0.05996875 0.09749999999999999
1 0.022859375 0.3920416666666666 0.04571875 0.12908333333333333
1 0.12965625 0.85290625 0.08340625 0.1174375
1 0.2106015625 0.7888854166666667 0.07095312499999999 0.1296875
1 0.1708984375 0.4296875 0.130859375 0.17708333333333334
1 0.20285156249999997 0.7262083333333333 0.072171875 0.08908333333333333
1 0.15485156249999998 0.23855208333333333 0.14260937499999998 0.1884375
1 0.210875 0.06862499999999999 0.13118749999999998 0.13724999999999998
1 0.078234375 0.0414375 0.15365625 0.082875
1 0.08565624999999999 0.8838645833333333 0.11699999999999999 0.13935416666666667
1 0.09890625 0.743375 0.05371875 0.058124999999999996
1 0.056484374999999996 0.37746875 0.0641875 0.08060416666666666
1 0.34921875 0.5604166666666667 0.6953125 0.8583333333333333
