0 0.27371093750000003 0.6659166666666666 0.140109375 0.182375
0 0.45161718749999996 0.6693437499999999 0.037171875 0.14177083333333332
0 0.6067734375 0.609625 0.08354687499999999 0.15899999999999997
0 0.6646328125000001 0.6615416666666666 0.035078125 0.15945833333333334
0 0.804515625 0.5724583333333334 0.11399999999999999 0.13791666666666666
0 0.379046875 0.66721875 0.09328125000000001 0.20802083333333332
0 0.5590859375 0.6610416666666666 0.077921875 0.19479166666666667
0 0.2609375 0.267 0.193 0.13874999999999998
0 0.833234375 0.5807916666666666 0.10853125 0.14583333333333334
0 0.527828125 0.5954791666666667 0.039 0.13
0 0.9466953124999999 0.6710624999999999 0.106609375 0.19904166666666667
0 0.6932578125 0.6529895833333333 0.047171875 0.12897916666666667
0 0.8372421875 0.6829687500000001 0.137515625 0.19364583333333335
0 0.60234375 0.6739583333333333 0.3921875 0.24791666666666667
