0 0.328625 0.4015234375 0.16025 0.165203125
0 0.6451875000000001 0.3778046875 0.13475 0.15335937500000002
0 0.8201979166666666 0.326546875 0.10914583333333333 0.1381875
0 0.2865 0.5185312499999999 0.18000000000000002 0.08696875
0 0.26366666666666666 0.112359375 0.23370833333333335 0.17528125
0 0.5046979166666666 0.1223125 0.20839583333333334 0.21590625000000002
0 0.6255416666666667 0.0813125 0.07558333333333334 0.14440625
0 0.7225104166666667 0.355375 0.11360416666666667 0.14250000000000002
0 0.6147604166666666 0.48854687499999994 0.07302083333333333 0.05084375
0 0.7595937500000001 0.35819531250000003 0.06331250000000001 0.12435937500000001
0 0.08177083333333333 0.1230703125 0.15558333333333335 0.176609375
