1 0.8797003745318351 0.7068046875 0.24059925093632956 0.372671875
1 0.909691011235955 0.8192656250000001 0.13904494382022473 0.1045625
1 0.8307209737827715 0.32067968750000003 0.33215355805243446 0.451953125
1 0.613183520599251 0.2855 0.28779026217228465 0.36153124999999997
1 0.345936329588015 0.42878906250000004 0.43988764044943823 0.571765625
1 0.12523408239700373 0.4861484375 0.25046816479400746 0.339328125
1 0.15724719101123596 0.6976718749999999 0.20348314606741572 0.20209375000000002
1 0.3909082397003745 0.7284921875 0.28720973782771536 0.265078125
1 0.5285486891385768 0.786484375 0.2542883895131086 0.23484375000000002
1 0.061264044943820234 0.5794609375 0.11810861423220974 0.132515625
1 0.7247471910112361 0.6156328125 0.18578651685393258 0.19039062499999998
1 0.7035393258426966 0.876625 0.29262172284644195 0.21559374999999997
1 0.4132677902621723 0.5425078125 0.1803183520599251 0.158765625
1 0.6676029962546817 0.69765625 0.3089887640449438 0.2296875
