0 0.740375 0.378321513002364 0.0305 0.0891725768321513
0 0.45411718749999996 0.38569739952718674 0.023015625 0.08430260047281322
0 0.5233671875 0.3932387706855792 0.06739062500000001 0.10652482269503546
0 0.7504375000000001 0.35550827423167847 0.09406250000000001 0.14742316784869977
0 0.20677343750000002 0.47095744680851065 0.054140625 0.14182033096926713
0 0.360140625 0.4249645390070922 0.07996875 0.11872340425531915
0 0.97846875 0.35065011820330966 0.04303125 0.1441371158392435
0 0.2644609375 0.46069739952718675 0.053265625000000004 0.1445626477541371
0 0.3028046875 0.4462056737588653 0.077015625 0.14981087470449173
0 0.91115625 0.34600472813238775 0.0836875 0.14245862884160757
0 0.58378125 0.3623167848699763 0.06803125 0.15886524822695036
0 0.8316250000000001 0.3586170212765957 0.08734375 0.14182033096926713
0 0.636203125 0.36424349881796697 0.0713125 0.09288416075650117
0 0.55546875 0.3817966903073286 0.3203125 0.16784869976359337
