1 0.6241337719298246 0.5111953125 0.32260964912280704 0.40201562500000004
1 0.40688596491228074 0.6385625 0.24214912280701756 0.1843125
1 0.2984320175438596 0.5947109375 0.1250657894736842 0.114265625
1 0.6285087719298246 0.8008906250000001 0.18929824561403508 0.18459375
1 0.8262280701754385 0.8081875000000001 0.1963157894736842 0.17781249999999998
1 0.406173245614035 0.36846875 0.14506578947368423 0.14728125
1 0.1644407894736842 0.6605624999999999 0.1580921052631579 0.18275
1 0.43007675438596493 0.814953125 0.23585526315789473 0.1795
1 0.3297258771929824 0.5212734375 0.1125657894736842 0.046796875
1 0.17163377192982457 0.826859375 0.19072368421052632 0.1849375
1 0.6257785087719299 0.2772421875 0.16344298245614036 0.125640625
1 0.2625328947368421 0.773015625 0.1005482456140351 0.14075
