1 0.25461718749999995 0.693583984375 0.20626562499999998 0.29802734375
1 0.135125 0.481572265625 0.1858125 0.42419921875
1 0.28438281249999997 0.464970703125 0.139578125 0.18798828125
1 0.1898125 0.6441113281249999 0.14209375 0.20146484375
1 0.8985468750000001 0.8229199218750001 0.0511875 0.09435546875
1 0.8536328125000001 0.8280078125 0.05745312500000001 0.0574609375
1 0.8069843750000001 0.77111328125 0.0426875 0.046171875
1 0.7423203125000001 0.7997460937499999 0.023984375 0.03078125
1 0.5686953124999999 0.597841796875 0.149046875 0.36533203125
1 0.2656328125 0.292236328125 0.171578125 0.20154296875
1 0.40620312500000005 0.239267578125 0.15503125 0.31267578125
1 0.393796875 0.51576171875 0.20878125 0.343671875
1 0.381390625 0.8116210937499999 0.46925 0.2635546875
1 0.84609375 0.83984375 0.2296875 0.23046875
