1 0.24652 0.3942837465564738 0.08928 0.0821763085399449
1 0.28507 0.43462809917355366 0.18594 0.19922865013774102
1 0.34507 0.7222865013774105 0.1345 0.23862258953168045
1 0.44487 0.844573002754821 0.15153999999999998 0.24011019283746557
1 0.7610800000000001 0.4892011019283746 0.13216 0.1797796143250689
1 0.76535 0.28920110192837467 0.11094 0.23465564738292014
1 0.43454999999999994 0.48424242424242414 0.08893999999999999 0.19603305785123967
1 0.37655 0.38400826446280995 0.08138 0.1281267217630854
1 0.61756 0.14768595041322313 0.10959999999999999 0.22044077134986226
1 0.70488 0.8503856749311295 0.10336 0.1956473829201102
1 0.13301 0.44885674931129477 0.1871 0.28575757575757577
1 0.514 0.4738292011019284 0.384 0.11019283746556474
