1 0.32458593750000003 0.7348239436619718 0.125640625 0.49438967136150236
1 0.2331015625 0.5673122065727699 0.10023437500000001 0.1926056338028169
1 0.136828125 0.3424765258215962 0.16228125 0.37260563380281686
1 0.63396875 0.5636737089201878 0.10718749999999999 0.16326291079812205
1 0.777140625 0.8540727699530517 0.19268749999999998 0.24814553990610327
1 0.6661718750000001 0.7164671361502348 0.08349999999999999 0.11692488262910798
1 0.633046875 0.9308215962441314 0.08159374999999999 0.13417840375586854
1 0.2291796875 0.44356807511737084 0.072515625 0.07751173708920188
1 0.7346484375 0.7167370892018778 0.103859375 0.18629107981220658
1 0.08160156249999999 0.6572535211267606 0.088578125 0.23685446009389674
1 0.463703125 0.8174765258215962 0.0848125 0.12016431924882628
1 0.0482734375 0.15507042253521128 0.096546875 0.1659154929577465
1 0.7426328125 0.5658215962441315 0.12298437499999999 0.18760563380281692
1 0.31328125 0.7323943661971831 0.6234375 0.5211267605633803
