1 0.1150859375 0.45660798122065727 0.094609375 0.11758215962441315
1 0.5441484375 0.5209624413145539 0.081578125 0.13253521126760565
1 0.3847734375 0.4640258215962441 0.034078125 0.06312206572769953
1 0.473421875 0.5662910798122065 0.07628125 0.17976525821596243
1 0.3778828125 0.3990258215962441 0.077359375 0.12485915492957746
1 0.2852578125 0.5516549295774648 0.049703125 0.15546948356807513
1 0.4010234375 0.536643192488263 0.05795312500000001 0.11835680751173709
1 0.5566718749999999 0.7440140845070423 0.1361875 0.16976525821596242
1 0.1984140625 0.5929460093896713 0.074078125 0.12870892018779342
1 0.11078906250000001 0.611819248826291 0.055046874999999995 0.08762910798122066
1 0.11796875 0.562206572769953 0.1453125 0.14788732394366197
