1 0.6529765625 0.6629976580796252 0.16929687499999999 0.2455737704918033
1 0.941453125 0.31017564402810305 0.11709375 0.22971896955503512
1 0.509765625 0.8142271662763466 0.20390625 0.3483138173302108
1 0.8105781249999999 0.8837939110070258 0.33806250000000004 0.23241217798594846
1 0.59453125 0.812096018735363 0.14540625000000001 0.3306088992974239
1 0.18938281250000003 0.0934192037470726 0.146953125 0.13489461358313817
1 0.9289375 0.6973770491803278 0.141125 0.2189695550351288
1 0.8430234375 0.7821545667447307 0.313953125 0.2930679156908665
1 0.0426171875 0.27138173302107726 0.085234375 0.11976580796252928
1 0.97215625 0.2333255269320843 0.0556875 0.14805620608899298
