1 0.7122734374999999 0.22975 0.077203125 0.09666666666666666
1 0.6747890625 0.5623645833333334 0.342203125 0.3551458333333333
1 0.09478125 0.25946874999999997 0.0921875 0.2918125
1 0.2075625 0.31845833333333334 0.14946874999999998 0.22954166666666667
1 0.2347578125 0.20445833333333333 0.119140625 0.21520833333333333
1 0.7297890624999999 0.3931875 0.24914062499999998 0.25904166666666667
1 0.32029687500000004 0.5914166666666667 0.20246875000000003 0.252375
1 0.38815625000000004 0.33695833333333336 0.1590625 0.24004166666666665
1 0.3760859375 0.1982604166666667 0.078484375 0.06652083333333333
1 0.53696875 0.24127083333333335 0.09031249999999999 0.1105
1 0.22976562500000003 0.4478229166666667 0.18884375 0.3459375
1 0.9614062499999999 0.35925 0.066 0.19258333333333333
1 0.15596875 0.09897916666666667 0.06909375 0.10141666666666667
1 0.49140625 0.49895833333333334 0.9796875 0.9979166666666667
