0 0.45500781250000005 0.6434426229508197 0.014796875000000001 0.03601873536299766
0 0.43500000000000005 0.6491217798594848 0.007593750000000001 0.0422248243559719
0 0.441 0.6121311475409836 0.008 0.022669789227166275
0 0.522546875 0.6288758782201406 0.016625 0.04266978922716627
0 0.5325703125 0.6786065573770491 0.008484374999999999 0.036276346604215456
0 0.48710156250000003 0.6614285714285715 0.051390625 0.04473067915690867
0 0.5433046875 0.6712060889929743 0.049734375 0.057962529274004686
0 0.512015625 0.627423887587822 0.0209375 0.05836065573770492
0 0.5293515624999999 0.62615925058548 0.020359375 0.04192037470725995
0 0.5444140625 0.6022716627634661 0.033359375000000004 0.049133489461358315
0 0.4341875 0.6430210772833723 0.04309375 0.05381733021077283
0 0.5586249999999999 0.6023067915690866 0.021875 0.04718969555035128
