0 0.588911007025761 0.581375 0.2985245901639344 0.14734375
0 0.705632318501171 0.8909453125000001 0.4614285714285714 0.21573437499999998
0 0.33147540983606555 0.5041484375 0.2564871194379391 0.142359375
0 0.44857142857142857 0.356046875 0.11765807962529275 0.058687500000000004
0 0.41079625292740046 0.3506796875 0.05161592505854801 0.007765625
0 0.2810304449648712 0.3839140625 0.12430913348946135 0.079421875
0 0.20762295081967214 0.31760937499999997 0.10625292740046838 0.05600000000000001
0 0.19029274004683844 0.29265624999999995 0.07557377049180329 0.039468750000000004
0 0.2559016393442623 0.34338281249999997 0.15428571428571428 0.046484375
0 0.3644379391100703 0.3339375 0.05149882903981264 0.0320625
0 0.1414871194379391 0.25661718749999995 0.06166276346604215 0.032921875
