0 0.8324921875 0.6017265625 0.059953124999999996 0.059546875
0 0.7716328125 0.6587500000000001 0.077734375 0.056406250000000005
0 0.9262812500000001 0.5832734375 0.08399999999999999 0.059484375
0 0.9851875 0.6155156249999999 0.029625000000000002 0.02703125
0 0.9784843750000001 0.5801796875 0.023125 0.035703125
0 0.977140625 0.6766796875 0.044875 0.041640625
0 0.9252734375000001 0.6732265624999999 0.060046875 0.035828125
0 0.694734375 0.608734375 0.061812500000000006 0.061812500000000006
0 0.6378359375 0.6103124999999999 0.029984375 0.04653125
0 0.5910234375 0.6082109375 0.043484375 0.06073437499999999
0 0.6184375 0.6077421875000001 0.038 0.042703124999999995
0 0.5771328124999999 0.591046875 0.031515625000000005 0.03521875
0 0.4999765625 0.5217734375 0.044109375 0.050703125
0 0.53046875 0.590625 0.3203125 0.109375
