1 0.1122578125 0.6314712643678161 0.186234375 0.47760919540229885
1 0.250484375 0.7603793103448275 0.28003125 0.402
1 0.26661718749999996 0.5696091954022988 0.176484375 0.344551724137931
1 0.37878125 0.4576896551724138 0.23490625 0.36126436781609195
1 0.350140625 0.26852873563218393 0.22718750000000001 0.25489655172413794
1 0.19521875 0.15167816091954023 0.161375 0.2656551724137931
1 0.5703437499999999 0.4351609195402299 0.1645625 0.36586206896551726
1 0.47332031249999995 0.607632183908046 0.082484375 0.1630344827586207
1 0.53665625 0.5693908045977012 0.08596875000000001 0.15744827586206894
1 0.7050546875 0.5750574712643678 0.11160937500000001 0.11540229885057472
1 0.8748828125000001 0.7154942528735633 0.116234375 0.21618390804597704
1 0.6461875 0.7916896551724137 0.09031249999999999 0.23597701149425288
1 0.7890078125000001 0.3894367816091954 0.210828125 0.3872873563218391
1 0.65078125 0.6689655172413793 0.6234375 0.5333333333333333
