1 0.32575000000000004 0.6769883720930233 0.41218750000000004 0.572953488372093
1 0.7086640625 0.8028488372093023 0.042734375000000005 0.06062790697674419
1 0.6054453124999999 0.7941976744186047 0.039921875 0.13499999999999998
1 0.6776484375 0.8924069767441861 0.038046875 0.04216279069767442
1 0.5598203125 0.8987209302325582 0.060390624999999996 0.12646511627906978
1 0.7418046875000001 0.8660930232558139 0.022953124999999998 0.11269767441860465
1 0.4806328125 0.8341627906976744 0.032234374999999996 0.06967441860465116
1 0.8340078125 0.8568255813953488 0.088546875 0.21565116279069768
1 0.677453125 0.799593023255814 0.03021875 0.07402325581395348
1 0.56659375 0.7271744186046512 0.1978125 0.465093023255814
1 0.6606328125 0.8541627906976744 0.027734375 0.06762790697674419
