0 0.679859375 0.5387916666666667 0.018375 0.04875
0 0.62128125 0.5386666666666667 0.016625 0.052722222222222226
0 0.5610937500000001 0.5101805555555556 0.06381250000000001 0.07786111111111112
0 0.5882968749999999 0.38372222222222224 0.01315625 0.0425
0 0.5851640625 0.3010277777777777 0.034421875000000005 0.03838888888888889
0 0.246296875 0.39941666666666664 0.04134375 0.05538888888888889
0 0.470515625 0.3045 0.025124999999999998 0.029111111111111112
0 0.3741796875 0.4473472222222223 0.019109375 0.03397222222222222
0 0.714015625 0.5061805555555555 0.015187500000000001 0.03597222222222222
0 0.70428125 0.5077222222222222 0.021968750000000002 0.04455555555555556
0 0.32418749999999996 0.37169444444444444 0.04134375 0.052
0 0.6446796875 0.36441666666666667 0.034328125 0.0395
0 0.659484375 0.5490277777777777 0.04271875 0.06866666666666667
0 0.49375 0.4361111111111111 0.63125 0.2777777777777778
