1 0.041640625 0.6547083333333333 0.08303125 0.4221388888888889
1 0.9555078124999999 0.7688194444444444 0.088984375 0.3519722222222222
1 0.192765625 0.7235972222222222 0.11503125 0.41797222222222224
1 0.9147578124999999 0.6064583333333334 0.12085937499999999 0.3303611111111111
1 0.3569375 0.7517777777777778 0.11759375000000001 0.3973333333333333
1 0.4155390625 0.7668888888888888 0.114015625 0.40088888888888885
1 0.5144609375 0.7707916666666667 0.11376562500000001 0.3820277777777778
1 0.5806796875 0.7714027777777779 0.096859375 0.42308333333333337
1 0.6420703125 0.7665833333333334 0.087546875 0.4117222222222222
1 0.7041171875 0.7455277777777778 0.091109375 0.3952777777777778
1 0.103765625 0.6735277777777778 0.1479375 0.4091111111111111
1 0.7598125 0.7230277777777777 0.076875 0.3685555555555556
1 0.8589296875000001 0.6954305555555556 0.082484375 0.40369444444444447
1 0.60234375 0.7513888888888889 0.7640625 0.49166666666666664
