0 0.13788 0.3761976047904192 0.0246 0.035988023952095806
0 0.18594000000000002 0.39185628742514966 0.02716 0.03329341317365269
0 0.5842999999999999 0.41188622754491017 0.02904 0.03784431137724551
0 0.23469 0.361002994011976 0.02398 0.02877245508982036
0 0.40483 0.3555239520958084 0.01694 0.034161676646706586
0 0.54017 0.3530538922155689 0.0349 0.03622754491017964
0 0.6245899999999999 0.42462574850299406 0.02982 0.04332335329341318
0 0.42473 0.3576946107784431 0.02014 0.029461077844311376
0 0.28799 0.3672455089820359 0.030539999999999998 0.03694610778443114
0 0.20894 0.37835329341317364 0.02504 0.03964071856287425
0 0.68537 0.41052395209580833 0.028820000000000002 0.04068862275449102
0 0.6859 0.36794910179640716 0.022600000000000002 0.03853293413173652
0 0.44988 0.4009880239520958 0.02016 0.03179640718562874
0 0.499 0.38772455089820357 0.994 0.12874251497005987
