1 0.2395 0.492 0.2336875 0.42663529411764706
1 0.4696640625 0.4036588235294118 0.177203125 0.41809411764705884
1 0.5898828125 0.4574470588235294 0.220546875 0.4477411764705882
1 0.7934296875 0.6449411764705882 0.29107812499999997 0.5055999999999999
1 0.8673359375 0.4422705882352941 0.206453125 0.39348235294117645
1 0.926671875 0.7626823529411765 0.13190625 0.2836235294117647
1 0.2542578125 0.20607058823529412 0.19442187500000002 0.2747764705882353
1 0.4778593750000001 0.14638823529411762 0.15106250000000002 0.15089411764705882
1 0.7296015625000001 0.31478823529411765 0.15126562500000001 0.1688235294117647
1 0.6229296875 0.807435294117647 0.24079687500000002 0.3513411764705882
1 0.884515625 0.2546588235294117 0.1479375 0.07708235294117646
1 0.674765625 0.17655294117647058 0.20071875 0.2531058823529412
1 0.35574218750000003 0.26381176470588236 0.11560937499999999 0.2272470588235294
1 0.49921875 0.4988235294117647 0.9984375 0.9976470588235294
