0 0.44963 0.71688 0.0461 0.06373333333333334
0 0.5025 0.7371866666666667 0.05396 0.08466666666666667
0 0.43171 0.70996 0.14438 0.08472
0 0.51088 0.6517733333333334 0.04412 0.10824
0 0.40621999999999997 0.6776533333333333 0.0474 0.05749333333333333
0 0.44670000000000004 0.6789066666666667 0.04008 0.056
0 0.37429 0.6932666666666667 0.032740000000000005 0.05469333333333334
0 0.38423 0.6554133333333333 0.02674 0.03605333333333333
0 0.46984000000000004 0.6437200000000001 0.04836 0.07650666666666667
0 0.40691 0.77288 0.0273 0.04330666666666666
0 0.38527999999999996 0.7737333333333333 0.02264 0.03370666666666667
0 0.43354 0.7730133333333333 0.0288 0.046239999999999996
0 0.5047699999999999 0.7878000000000001 0.047740000000000005 0.03373333333333334
