0 0.8895624999999999 0.7195093457943925 0.09503125 0.10172897196261682
0 0.7841171874999999 0.7919158878504674 0.152796875 0.1555140186915888
0 0.49655468750000004 0.7932943925233644 0.137828125 0.14761682242990654
0 0.33968750000000003 0.7947313084112149 0.12462500000000001 0.1366588785046729
0 0.1513671875 0.3265771028037383 0.118984375 0.1644158878504673
0 0.20135156250000003 0.7728621495327104 0.030640624999999998 0.06002336448598131
0 0.26290625 0.7659345794392524 0.02175 0.04037383177570094
0 0.21910156250000004 0.7989485981308411 0.12435937500000001 0.11509345794392523
0 0.651640625 0.26345794392523364 0.0745 0.1542056074766355
0 0.5869765625 0.2803738317757009 0.051859375 0.14742990654205607
0 0.6872734375 0.26983644859813083 0.021828125 0.0964018691588785
0 0.63909375 0.344427570093458 0.03446875 0.02913551401869159
0 0.6063828124999999 0.3221378504672897 0.040265625 0.04577102803738318
0 0.6515625 0.34813084112149534 0.125 0.04672897196261682
