0 0.63337 0.6868133333333334 0.2077 0.18552
0 0.72303 0.5432533333333334 0.21574000000000002 0.24496
0 0.88188 0.42426666666666674 0.21228 0.14208
0 0.86325 0.30593333333333333 0.21794 0.11416000000000001
0 0.8152699999999999 0.18282666666666667 0.16546 0.14357333333333333
0 0.73937 0.13742666666666667 0.11858 0.08013333333333333
0 0.62612 0.09550666666666666 0.1264 0.13709333333333332
0 0.38088 0.6291466666666666 0.32456 0.21525333333333332
0 0.15022 0.5784533333333333 0.18768 0.11520000000000001
0 0.10871 0.48876 0.17022 0.15954666666666667
0 0.29227 0.27843999999999997 0.57602 0.42792
