0 0.7928750000000001 0.6573958333333334 0.22234375 0.17529166666666668
0 0.442484375 0.60184375 0.14059375000000002 0.11614583333333334
0 0.20513281249999998 0.5814375 0.146640625 0.11995833333333333
0 0.28819531249999997 0.6324687499999999 0.172421875 0.12477083333333333
0 0.6366015625 0.26340625 0.058984375 0.04935416666666667
0 0.64509375 0.61146875 0.108375 0.10235416666666668
0 0.16266406249999998 0.20001041666666666 0.098359375 0.0729375
0 0.35946874999999995 0.15948958333333335 0.04975 0.015854166666666666
0 0.46252343749999997 0.13897916666666665 0.09667187499999999 0.0525
0 0.31881250000000005 0.5555312499999999 0.09196875 0.06647916666666667
0 0.4501640625 0.53765625 0.10510937499999999 0.0546875
0 0.50134375 0.6327291666666667 0.14453125 0.094875
0 0.6221171875 0.7054270833333334 0.166328125 0.14627083333333332
0 0.4609375 0.4010416666666667 0.453125 0.8020833333333334
