0 0.5078225806451613 0.7831328125 0.12435483870967742 0.071859375
0 0.5144585253456221 0.6901015625 0.024308755760368665 0.038078125000000004
0 0.5182603686635945 0.6432890625000001 0.041451612903225805 0.032359375
0 0.5433294930875576 0.688859375 0.053894009216589864 0.053937500000000006
0 0.5312903225806452 0.7152265625 0.02313364055299539 0.032859375
0 0.45268433179723505 0.7785 0.06384792626728111 0.06453125
0 0.15236175115207373 0.6997421875000001 0.04412442396313364 0.066546875
0 0.2921774193548387 0.7785078125 0.11324884792626727 0.087609375
0 0.10543778801843318 0.6397421875 0.12889400921658986 0.06792187499999999
0 0.08241935483870967 0.695828125 0.12552995391705069 0.07234375
0 0.5208755760368664 0.6343203125000001 0.12580645161290324 0.066578125
0 0.5063479262672811 0.7021171875000001 0.12601382488479262 0.089546875
