1 0.526828125 0.6909529411764707 0.197125 0.2701882352941176
1 0.32525000000000004 0.6404588235294117 0.10328124999999999 0.1887764705882353
1 0.4885625 0.4250235294117647 0.11628125 0.19268235294117647
1 0.4422890625 0.2707529411764706 0.108984375 0.10108235294117647
1 0.623234375 0.44221176470588236 0.054125 0.10757647058823529
1 0.396984375 0.46558823529411764 0.11856249999999999 0.12190588235294118
1 0.2805234375 0.46502352941176467 0.081171875 0.11056470588235294
1 0.5833671874999999 0.42549411764705886 0.10592187500000001 0.14543529411764705
1 0.6931484375 0.44312941176470594 0.132515625 0.23868235294117646
1 0.3984453125 0.22065882352941177 0.097078125 0.09694117647058824
1 0.278765625 0.36288235294117643 0.15065625 0.19701176470588236
1 0.41521093750000004 0.6378352941176472 0.162359375 0.22484705882352943
1 0.65434375 0.6164941176470587 0.0988125 0.1312941176470588
1 0.4578125 0.45294117647058824 0.615625 0.5529411764705883
