1 0.3625198938992043 0.5505399999999999 0.19007957559681696 0.20232
1 0.8845755968169762 0.64636 0.23084880636604774 0.27116
1 0.7128779840848807 0.62786 0.21312997347480103 0.23684
1 0.5072015915119363 0.58247 0.10989389920424403 0.09666
1 0.7007427055702918 0.48196000000000006 0.2049867374005305 0.08120000000000001
1 0.8933554376657824 0.81569 0.213289124668435 0.24062
1 0.3993103448275862 0.66804 0.12132625994694961 0.16924
1 0.09094164456233421 0.87199 0.12411140583554377 0.08026000000000001
1 0.25648541114058354 0.82412 0.11541114058355437 0.11952
1 0.13855437665782494 0.10878 0.0580106100795756 0.06456
1 0.20535809018567638 0.11657000000000001 0.05809018567639257 0.04206
1 0.20278514588859417 0.48813999999999996 0.22408488063660478 0.27976
1 0.5774403183023873 0.51185 0.09636604774535809 0.11238
