0 0.7870843091334896 0.7408828125 0.2882201405152225 0.159765625
0 0.5998711943793911 0.17253125 0.3528571428571428 0.17040625
0 0.40714285714285714 0.1120625 0.17845433255269322 0.17684375000000002
0 0.278056206088993 0.505203125 0.14936768149882904 0.159
0 0.2669320843091335 0.8743046874999999 0.1459953161592506 0.193109375
0 0.1276463700234192 0.7594765625000001 0.14498829039812647 0.092484375
0 0.38783372365339575 0.57990625 0.21257611241217797 0.18584375
0 0.7336065573770492 0.165515625 0.3266042154566745 0.1488125
0 0.3839929742388759 0.9584687500000001 0.25538641686182667 0.0830625
0 0.14607728337236534 0.5459921875 0.04723653395784544 0.075421875
0 0.061850117096018745 0.556375 0.08669789227166277 0.0710625
0 0.7719555035128806 0.21242187499999998 0.293887587822014 0.1343125
0 0.6735831381733021 0.73940625 0.434519906323185 0.172
0 0.3255269320843091 0.49921875 0.6510538641686182 0.9984375
