1 0.3050546875 0.20898958333333334 0.158421875 0.2876458333333333
1 0.42932031249999997 0.15594791666666669 0.131609375 0.2676458333333333
1 0.5557890624999999 0.18119791666666665 0.169109375 0.32547916666666665
1 0.6886249999999999 0.19177083333333333 0.137125 0.3093333333333333
1 0.7317265624999999 0.24598958333333332 0.125484375 0.23272916666666665
1 0.8186640625000001 0.22358333333333333 0.130296875 0.24491666666666667
1 0.8879453125 0.4252708333333333 0.150109375 0.2565
1 0.7168984375 0.6479791666666667 0.122828125 0.2558333333333333
1 0.5994921874999999 0.6377395833333334 0.123703125 0.26947916666666666
1 0.4994609375 0.6274374999999999 0.10198437499999999 0.25416666666666665
1 0.4171171875 0.62815625 0.115390625 0.21327083333333335
1 0.3056875 0.8416145833333334 0.15525 0.29210416666666666
1 0.2621796875 0.5674375 0.11495312499999999 0.201625
1 0.5 0.5520833333333334 0.996875 0.8916666666666667
