0 0.42640625000000004 0.17522916666666666 0.0214375 0.07570833333333334
0 0.3255078125 0.12680208333333334 0.057171875000000004 0.0704375
0 0.2863984375 0.1345625 0.026078125 0.07016666666666667
0 0.4402734375 0.11913541666666667 0.065828125 0.0948125
0 0.48653124999999997 0.16309374999999998 0.058687500000000004 0.06747916666666667
0 0.45160156249999994 0.177 0.010578124999999999 0.028208333333333332
0 0.41371875 0.18239583333333337 0.01534375 0.07541666666666667
0 0.3004921875 0.2069791666666667 0.037296875 0.07087500000000001
0 0.35809375 0.16570833333333335 0.0215 0.058124999999999996
0 0.39651562500000004 0.10946875 0.038093749999999996 0.1000625
0 0.2850703125 0.19890625 0.032015625 0.0645625
0 0.5316796874999999 0.20279166666666668 0.013515625 0.04708333333333334
