1 0.5658593749999999 0.44063541666666667 0.1316875 0.21202083333333333
1 0.347328125 0.4019270833333334 0.09609375 0.0875625
1 0.9235546875 0.3075625 0.030484375 0.04645833333333334
1 0.6961328124999999 0.2900520833333334 0.141234375 0.28827083333333337
1 0.7158203125 0.7018229166666666 0.447265625 0.5703125
1 0.9345156249999998 0.66953125 0.13096875 0.5864791666666667
1 0.3095703125 0.66796875 0.392578125 0.4609375
1 0.03409375 0.6428541666666666 0.06428125 0.376625
1 0.457125 0.4779375 0.10124999999999999 0.19649999999999998
1 0.25241406250000004 0.43084375 0.060109375 0.037562500000000006
