1 0.585 0.4967867867867868 0.12624 0.1863063063063063
1 0.5895600000000001 0.2894144144144144 0.08444 0.1734834834834835
1 0.44505999999999996 0.5086786786786787 0.08444 0.18756756756756757
1 0.22290999999999997 0.4212312312312312 0.13754 0.28912912912912914
1 0.66477 0.6830630630630631 0.1051 0.25675675675675674
1 0.6207699999999999 0.6545195195195195 0.06545999999999999 0.15168168168168167
1 0.52604 0.6374924924924925 0.08848 0.2552852852852853
1 0.57148 0.8393093093093094 0.18631999999999999 0.316936936936937
1 0.44989999999999997 0.6671171171171172 0.06024 0.21171171171171171
1 0.43906 0.2666366366366366 0.054799999999999995 0.08954954954954955
1 0.3955 0.2456906906906907 0.05932 0.08843843843843843
1 0.56036 0.6448948948948949 0.06792000000000001 0.13063063063063063
1 0.48553999999999997 0.28848348348348346 0.05316 0.15366366366366366
