1 0.25200781250000004 0.4116314553990611 0.216828125 0.3573004694835681
1 0.094234375 0.4094366197183099 0.1765 0.39774647887323944
1 0.39270312500000004 0.4850704225352112 0.06578125 0.08032863849765258
1 0.44039062500000004 0.4894366197183099 0.062406249999999996 0.11126760563380281
1 0.5840078125 0.5303638497652582 0.049609375 0.10213615023474178
1 0.591421875 0.5057981220657277 0.035375000000000004 0.06009389671361503
1 0.619375 0.5111971830985915 0.04659375 0.08568075117370892
1 0.497578125 0.5261150234741784 0.0731875 0.11706572769953051
1 0.6660781250000001 0.5201408450704226 0.05384375 0.07774647887323943
1 0.148171875 0.3968896713615023 0.03315625 0.08467136150234741
1 0.5358203125000001 0.5236267605633803 0.080578125 0.12626760563380282
