1 0.6939140625 0.6685411764705882 0.244734375 0.4067294117647059
1 0.9110859375 0.6963647058823529 0.169921875 0.3362588235294118
1 0.49890624999999994 0.7375882352941177 0.1920625 0.2911294117647059
1 0.17534375 0.6977529411764705 0.18056250000000001 0.3932470588235294
1 0.8420390624999999 0.5123882352941176 0.134609375 0.2972941176470588
1 0.5523671875 0.5256 0.15817187500000002 0.34254117647058824
1 0.39301562500000004 0.5236823529411765 0.13421875 0.3452470588235294
1 0.31496875 0.7397647058823529 0.1398125 0.4408470588235294
1 0.23679687500000002 0.46372941176470583 0.1325625 0.19475294117647057
1 0.7215078125 0.5091058823529412 0.127546875 0.3151058823529411
1 0.209375 0.33647058823529413 0.41875 0.5317647058823529
