1 0.5840406976744186 0.20654000000000003 0.344593023255814 0.19156
1 0.11968023255813955 0.14226999999999998 0.2393604651162791 0.24642
1 0.21597383720930233 0.19679 0.2653779069767442 0.2457
1 0.3670203488372093 0.20737 0.3207848837209302 0.16713999999999998
1 0.8900145348837208 0.27682999999999996 0.21997093023255815 0.16169999999999998
1 0.854593023255814 0.6404200000000001 0.29081395348837213 0.13964
1 0.7776598837209302 0.22113999999999998 0.19659883720930232 0.15008000000000002
1 0.7654069767441861 0.5457799999999999 0.2903488372093023 0.13684000000000002
1 0.5724854651162791 0.5464300000000001 0.18671511627906978 0.09802
1 0.8776453488372093 0.7295499999999999 0.24453488372093024 0.22638
1 0.6205087209302325 0.11352000000000001 0.22857558139534884 0.08476
1 0.2317151162790698 0.32798 0.2311046511627907 0.11512
1 0.615203488372093 0.35933 0.16761627906976742 0.17638
1 0.5625 0.396 0.8691860465116279 0.312
