0 0.6886768149882904 0.4679765625000001 0.047330210772833725 0.014953125000000001
0 0.25429742388758786 0.3647421875 0.05721311475409836 0.071390625
0 0.8470140515222482 0.65109375 0.22733021077283372 0.1389375
0 0.7795901639344263 0.35290625000000003 0.10976580796252927 0.10253125
0 0.2945784543325527 0.301625 0.08241217798594848 0.03790625
0 0.16570257611241218 0.270140625 0.10728337236533958 0.05515625
0 0.9620374707259952 0.39478125 0.07592505854800938 0.08834375
0 0.3408782201405152 0.3595859375 0.06667447306791568 0.070140625
0 0.9289110070257611 0.3580546875 0.09637002341920374 0.080140625
0 0.4524004683840749 0.29575 0.08067915690866512 0.054625
0 0.596592505854801 0.3475234375 0.12629976580796254 0.072640625
0 0.4862997658079625 0.33757031249999997 0.034660421545667446 0.042328125
0 0.06996487119437939 0.293375 0.04896955503512881 0.03265625
0 0.49882903981264637 0.3453125 0.9976580796252927 0.503125
