1 0.42713 0.6709034267912773 0.18753999999999998 0.40205607476635513
1 0.642 0.6595482866043614 0.12984 0.45168224299065424
1 0.34063 0.5531619937694704 0.15558000000000002 0.3351713395638629
1 0.87068 0.6733333333333333 0.14072 0.43090342679127724
1 0.47778999999999994 0.5263707165109034 0.1469 0.3245171339563863
1 0.20890999999999998 0.6131152647975078 0.1447 0.3841121495327103
1 0.05113 0.594392523364486 0.09822 0.2882866043613707
1 0.13379 0.6907943925233645 0.15606 0.450809968847352
1 0.19927 0.4220716510903427 0.09838 0.06495327102803738
1 0.7452000000000001 0.49113707165109033 0.09240000000000001 0.22277258566978195
1 0.6096999999999999 0.4921339563862929 0.10484 0.1708722741433022
