1 0.5197866666666666 0.30086 0.188 0.11956
1 0.4443066666666667 0.31478 0.10146666666666666 0.09212000000000001
1 0.08426666666666667 0.30876 0.14608000000000002 0.11152
1 0.09934666666666668 0.60799 0.19869333333333336 0.25426
1 0.5927466666666666 0.60614 0.21392 0.15952000000000002
1 0.7886133333333334 0.57975 0.42277333333333333 0.25689999999999996
1 0.13954666666666665 0.20438 0.18949333333333335 0.10336
1 0.2629333333333333 0.20641 0.10442666666666665 0.10106
1 0.46378666666666674 0.1928 0.14709333333333333 0.10492
1 0.2958533333333333 0.66736 0.20701333333333333 0.17412
1 0.3655333333333333 0.19824 0.10386666666666668 0.106
1 0.7643333333333333 0.43801999999999996 0.21261333333333335 0.12112
1 0.3218533333333333 0.29975 0.19368 0.12886
1 0.7226666666666667 0.431 0.4053333333333333 0.55
