1 0.3671328125 0.3588793103448276 0.151109375 0.293128078817734
1 0.248578125 0.45562807881773393 0.0948125 0.17120689655172416
1 0.411046875 0.4699384236453202 0.079375 0.12780788177339902
1 0.34665625 0.49182266009852216 0.06640625 0.09586206896551724
1 0.5224921874999999 0.5956280788177339 0.060015624999999996 0.11268472906403941
1 0.192859375 0.793743842364532 0.10759375 0.1274384236453202
1 0.177546875 0.7072660098522169 0.04975 0.10980295566502463
1 0.49488281250000005 0.5851354679802956 0.080953125 0.21076354679802953
1 0.5949687499999999 0.591231527093596 0.05996875 0.11699507389162561
1 0.9016328124999999 0.5833374384236453 0.060109375 0.0801231527093596
1 0.5582421875 0.5725 0.043359375 0.12416256157635468
1 0.5929374999999999 0.514692118226601 0.0541875 0.06120689655172414
1 0.6398750000000001 0.5550985221674877 0.05034375 0.08266009852216749
1 0.51171875 0.39285714285714285 0.7828125 0.6280788177339901
