1 0.0782265625 0.7234895833333334 0.156453125 0.23564583333333333
1 0.16978125 0.30115625 0.1203125 0.17214583333333333
1 0.27808593750000005 0.7168541666666667 0.13482812500000002 0.22020833333333334
1 0.47515625000000006 0.7250104166666667 0.16240625 0.21831250000000002
1 0.6741796875 0.72003125 0.147671875 0.24747916666666667
1 0.8880078125 0.7199479166666667 0.188765625 0.23122916666666665
1 0.9047968750000001 0.28845833333333337 0.12134375 0.16291666666666668
1 0.7113515625 0.2906875 0.11957812500000001 0.16333333333333336
1 0.5287734374999999 0.29654166666666665 0.085203125 0.16533333333333333
1 0.34573437500000004 0.306875 0.10234375 0.15329166666666666
1 0.027875 0.30642708333333335 0.05575 0.15960416666666666
1 0.81875 0.5114583333333333 0.359375 0.53125
