0 0.20846875000000004 0.6249056603773584 0.051531249999999994 0.0544811320754717
0 0.27437500000000004 0.6588915094339622 0.053968749999999996 0.05811320754716981
0 0.3568515625 0.6065566037735849 0.022109375 0.0494811320754717
0 0.4016796875 0.7501297169811321 0.029734375 0.04950471698113207
0 0.47192968750000003 0.7305542452830188 0.015359375 0.021533018867924532
0 0.5976640625 0.7021108490566037 0.043828125 0.04714622641509433
0 0.611953125 0.646497641509434 0.02390625 0.03794811320754717
0 0.47178125 0.5034669811320754 0.039468750000000004 0.055
0 0.42483593750000004 0.6177240566037735 0.036671875 0.0483254716981132
0 0.23903906249999998 0.6676061320754717 0.013578125 0.043372641509433964
0 0.405625 0.4349646226415095 0.02971875 0.04908018867924528
0 0.35666406250000005 0.7317334905660378 0.044796875 0.0632311320754717
0 0.2575703125 0.6142216981132076 0.049890625 0.06349056603773585
0 0.521875 0.6615566037735849 0.8875 0.37028301886792453
