1 0.33584375 0.8213466042154566 0.17990625 0.22695550351288055
1 0.5000078125 0.3862412177985949 0.174234375 0.11444964871194378
1 0.6147578125 0.6417447306791568 0.117921875 0.1663466042154567
1 0.4295234375 0.49160421545667443 0.15201562500000002 0.15688524590163933
1 0.201671875 0.24933255269320845 0.25859375 0.4659718969555035
1 0.332890625 0.6706908665105387 0.1355 0.09894613583138173
1 0.3260078125 0.5911124121779859 0.174640625 0.20391100702576112
1 0.6660078125 0.3465456674473068 0.125640625 0.09159250585480093
1 0.77628125 0.7957259953161592 0.1841875 0.19454332552693207
1 0.48782812500000006 0.5883021077283372 0.1854375 0.2259718969555035
1 0.5711171875000001 0.24930913348946135 0.258328125 0.28442622950819674
1 0.4066328125 0.2874473067915691 0.12251562499999999 0.2577985948477752
1 0.267203125 0.40306791569086653 0.191 0.2334426229508197
1 0.475 0.5737704918032787 0.946875 0.8477751756440282
