1 0.2038203125 0.3613145539906103 0.049609375 0.10769953051643193
1 0.27864062500000003 0.32241784037558685 0.026250000000000002 0.06408450704225352
1 0.3548515625 0.3018779342723005 0.036171875 0.06929577464788732
1 0.40210937499999994 0.3064906103286385 0.02946875 0.08086854460093898
1 0.45859375 0.3068544600938967 0.0381875 0.07169014084507042
1 0.48020312499999995 0.2926525821596244 0.03153125 0.07004694835680751
1 0.6056406249999999 0.4712089201877935 0.03521875 0.05936619718309859
1 0.6311796875 0.5087323943661972 0.039109375 0.08422535211267607
1 0.60184375 0.5128990610328639 0.029031249999999998 0.06875586854460093
1 0.6845312499999999 0.4794600938967136 0.03153125 0.0744131455399061
1 0.319859375 0.3209741784037559 0.040531250000000005 0.0686150234741784
1 0.24723437499999998 0.31688967136150237 0.041499999999999995 0.08312206572769952
1 0.776921875 0.44667840375586854 0.037 0.16927230046948358
1 0.59765625 0.352112676056338 0.0703125 0.14084507042253522
