1 0.509625 0.46795833333333337 0.12465625 0.2602083333333333
1 0.362 0.5576041666666666 0.16609374999999998 0.34641666666666665
1 0.8676718749999999 0.35091666666666665 0.22381250000000003 0.4550416666666666
1 0.59965625 0.33567708333333335 0.1725625 0.29585416666666664
1 0.34576562499999997 0.36628125 0.174625 0.2631875
1 0.62946875 0.7005416666666666 0.19328125000000002 0.31216666666666665
1 0.46555468749999995 0.3696354166666667 0.11251562500000001 0.23697916666666666
1 0.14565625 0.4691458333333333 0.1484375 0.28029166666666666
1 0.15131250000000002 0.32146875 0.11687499999999999 0.13802083333333334
1 0.8412890624999999 0.5891145833333333 0.209203125 0.27893749999999995
1 0.26491406250000005 0.25676041666666666 0.095953125 0.16443750000000001
