1 0.8364687500000001 0.8829225352112676 0.1014375 0.14800469483568074
1 0.2995859375 0.7912441314553991 0.067671875 0.10422535211267606
1 0.3575546875 0.7982394366197183 0.112890625 0.15375586854460094
1 0.47116406250000004 0.7873591549295775 0.077515625 0.1605399061032864
1 0.5378437500000001 0.7726173708920188 0.0905625 0.1402112676056338
1 0.7283203125 0.7253990610328638 0.097921875 0.15826291079812208
1 0.8846484374999999 0.7481220657276995 0.093359375 0.09633802816901409
1 0.61240625 0.8118896713615024 0.06440625 0.09467136150234741
1 0.0859453125 0.7040727699530517 0.073546875 0.07246478873239437
1 0.16178125 0.7242957746478873 0.10309375000000001 0.12633802816901407
1 0.41484375 0.7420774647887324 0.05846875 0.13448356807511738
1 0.58565625 0.9317723004694836 0.11634375 0.11683098591549297
1 0.714171875 0.9117723004694834 0.1375 0.17645539906103286
1 0.60625 0.7488262910798122 0.48125 0.27230046948356806
