0 0.48951562499999995 0.28359484777517563 0.050031250000000006 0.0798360655737705
0 0.617390625 0.23140515222482436 0.052125 0.10505854800936767
0 0.7322968750000001 0.19785714285714284 0.060343749999999995 0.09637002341920374
0 0.8507187499999999 0.2053161592505855 0.08525 0.16262295081967212
0 0.91971875 0.21010538641686183 0.07906250000000001 0.19843091334894614
0 0.7243203125 0.7472248243559719 0.069109375 0.09430913348946136
0 0.7995078124999999 0.19807962529274004 0.088578125 0.12721311475409836
0 0.777921875 0.8075409836065573 0.096625 0.10206088992974238
0 0.6788281250000001 0.22973067915690867 0.059312500000000004 0.12255269320843092
0 0.7511015624999999 0.30029274004683837 0.031265625000000005 0.11079625292740047
0 0.851046875 0.7678103044496487 0.0314375 0.101288056206089
0 0.6052578125 0.5108313817330211 0.055484374999999996 0.061522248243559716
0 0.8369843749999999 0.773559718969555 0.03203125 0.09011709601873535
