1 0.12425 0.36209375 0.2485 0.5684791666666666
1 0.30084374999999997 0.22696875 0.35562499999999997 0.4404375
1 0.32875 0.5109791666666667 0.2154375 0.29570833333333335
1 0.58278125 0.48831250000000004 0.22040625 0.2672916666666667
1 0.669 0.21106250000000001 0.436875 0.42212500000000003
1 0.6931171875000001 0.6831458333333332 0.298921875 0.34658333333333335
1 0.4221953125 0.8539375 0.315171875 0.26966666666666667
1 0.1820234375 0.6831458333333332 0.36067187500000003 0.48987499999999995
1 0.8669375 0.48062499999999997 0.26284375 0.5202083333333333
1 0.7806171875000001 0.8 0.438765625 0.37754166666666666
1 0.43637499999999996 0.14825 0.20037500000000003 0.29283333333333333
1 0.87759375 0.6973958333333333 0.2435 0.2779166666666667
