0 0.7202927400468384 0.8508281250000002 0.09932084309133489 0.072875
0 0.7097072599531616 0.7599609375 0.22138173302107728 0.114453125
0 0.9130093676814988 0.8611328125 0.05688524590163934 0.063859375
0 0.5894262295081967 0.9140390624999999 0.12798594847775174 0.11460937499999999
0 0.41536299765807966 0.9254609374999999 0.06557377049180328 0.035703125
0 0.8779625292740046 0.756671875 0.16351288056206087 0.11756249999999999
0 0.10278688524590164 0.9201171875 0.048196721311475406 0.057015625
0 0.11392271662763467 0.8769609375 0.07032786885245902 0.040171875
0 0.4295433255269321 0.7881250000000001 0.31889929742388756 0.1221875
0 0.8855269320843091 0.6739296875 0.1982669789227166 0.040265625
0 0.22504683840749415 0.9656015625000001 0.39669789227166274 0.06879687500000001
0 0.5839578454332552 0.8545390625 0.36594847775175643 0.14545312500000002
0 0.28861826697892273 0.8864921875 0.31451990632318505 0.118984375
0 0.5 0.62734375 0.9953161592505855 0.7421875
