0 0.0817109375 0.3190983606557377 0.160421875 0.44943793911007024
0 0.873296875 0.5471896955503514 0.162625 0.21255269320843093
0 0.87734375 0.386615925058548 0.09284375 0.14971896955503514
0 0.385453125 0.3781147540983606 0.12893749999999998 0.390655737704918
0 0.5370390625000001 0.31826697892271666 0.186078125 0.26046838407494144
0 0.6793671874999999 0.3770608899297424 0.12020312500000001 0.25370023419203747
0 0.8590234375 0.43453161592505857 0.163234375 0.2675175644028103
0 0.681921875 0.5779156908665105 0.06065625 0.21039812646370024
0 0.7711250000000001 0.41836065573770487 0.09428125000000001 0.2837939110070258
0 0.6067265624999999 0.5589227166276346 0.071171875 0.19615925058548012
0 0.6414531250000001 0.5541803278688524 0.072625 0.1908430913348946
0 0.7451953125 0.5496018735362997 0.067171875 0.058173302107728336
