1 0.77565625 0.683890625 0.4486875 0.6045
1 0.25413541666666667 0.6278671875 0.46822916666666664 0.385828125
1 0.22483333333333333 0.538453125 0.283125 0.2035625
1 0.09551041666666667 0.5300390625 0.18381250000000002 0.182796875
1 0.7998020833333332 0.20061718750000002 0.40039583333333334 0.395265625
1 0.6741145833333333 0.188234375 0.4501458333333333 0.37465625
1 0.10101041666666667 0.3186875 0.20202083333333334 0.21365625000000002
1 0.18557291666666667 0.823140625 0.17847916666666666 0.12459374999999999
1 0.06965625 0.7759453125 0.1393125 0.166296875
1 0.3601770833333333 0.2446640625 0.42252083333333335 0.350640625
