1 0.5633866666666667 0.62874 0.15146666666666667 0.13224
1 0.25838666666666665 0.78437 0.09165333333333332 0.06378
1 0.4687066666666667 0.92603 0.11127999999999999 0.13494
1 0.16496 0.9361 0.17637333333333333 0.11048000000000001
1 0.14638666666666666 0.89346 0.16264 0.09744
1 0.1690266666666667 0.7656000000000001 0.14690666666666669 0.12664
1 0.3064266666666667 0.81753 0.16368000000000002 0.10562
1 0.8339866666666667 0.6313499999999999 0.09341333333333333 0.07586
1 0.14076 0.86243 0.09608 0.07845999999999999
1 0.3368 0.69238 0.22085333333333332 0.14124
1 0.5226666666666666 0.782 0.288 0.264
