0 0.29946875 0.4822014051522248 0.04371875 0.07405152224824356
0 0.53421875 0.4880679156908665 0.042562499999999996 0.06873536299765809
0 0.451390625 0.47915690866510535 0.12571875 0.09100702576112413
0 0.633296875 0.47799765807962535 0.0355 0.03903981264637003
0 0.6310625 0.4954683840749414 0.04384375 0.060210772833723655
0 0.6787109375 0.49053864168618266 0.052078124999999996 0.06721311475409836
0 0.309828125 0.5003161592505855 0.026125 0.05651053864168618
0 0.565578125 0.48756440281030444 0.02415625 0.05381733021077283
0 0.579921875 0.48584309133489456 0.011875 0.04981264637002342
0 0.36675 0.4850117096018735 0.0393125 0.07728337236533958
0 0.40157031249999997 0.4846018735362998 0.040859374999999996 0.07501170960187353
0 0.336765625 0.48098360655737704 0.031375 0.08252927400468385
0 0.6 0.4882903981264637 0.128125 0.10070257611241218
