1 0.7619351464435147 0.6766093750000001 0.08776150627615063 0.0675
1 0.8401987447698746 0.6829140625 0.08997907949790794 0.064640625
1 0.8460460251046026 0.6386093749999999 0.08493723849372385 0.0361875
1 0.6888912133891214 0.6538125 0.06171548117154812 0.052468749999999995
1 0.8220083682008369 0.614140625 0.058284518828451884 0.03540625
1 0.8715481171548116 0.569875 0.046903765690376575 0.02790625
1 0.8933891213389121 0.6591953125 0.06531380753138075 0.047015625
1 0.8836087866108787 0.731953125 0.07244769874476988 0.045906249999999996
1 0.6990690376569038 0.5929609375 0.05759414225941423 0.026890625
1 0.7853661087866108 0.6408671874999999 0.0549163179916318 0.031453125
1 0.7973012552301254 0.5251406249999999 0.17138075313807533 0.12271875000000002
1 0.7767468619246861 0.59225 0.07014644351464436 0.0384375
1 0.907081589958159 0.55546875 0.0754602510460251 0.06403125
1 0.7949790794979079 0.59609375 0.40585774058577406 0.3921875
