1 0.2770859375 0.4918645833333333 0.018734375 0.0304375
1 0.2865546875 0.45191666666666663 0.021828125 0.028833333333333332
1 0.3068359375 0.45357291666666666 0.034421875000000005 0.034520833333333334
1 0.309640625 0.3969791666666666 0.0141875 0.02075
1 0.3732734375 0.47575 0.042296875 0.07120833333333333
1 0.32127343750000004 0.4455520833333333 0.017265625 0.0379375
1 0.349578125 0.4402916666666667 0.020374999999999997 0.024
1 0.328890625 0.35331250000000003 0.0220625 0.03216666666666666
1 0.2965234375 0.40016666666666667 0.013328125 0.020125
1 0.3288203125 0.41525 0.015828125000000002 0.013958333333333333
1 0.262375 0.43123958333333334 0.01921875 0.0268125
1 0.30189062499999997 0.43042708333333335 0.01615625 0.015979166666666666
1 0.25492187499999996 0.5063645833333333 0.027687499999999997 0.060437500000000005
1 0.78828125 0.759375 0.1203125 0.13541666666666666
