1 0.3291875 0.5351041666666667 0.27496875 0.28858333333333336
1 0.500890625 0.6074270833333333 0.320625 0.5088541666666667
1 0.9061171875000001 0.6893854166666666 0.187765625 0.41452083333333334
1 0.9065234375000001 0.30360416666666673 0.186953125 0.34308333333333335
1 0.5926796875 0.26798958333333334 0.229921875 0.2416875
1 0.5037499999999999 0.15202083333333333 0.22115625 0.2981666666666667
1 0.1589375 0.28668750000000004 0.27240625 0.31375
1 0.065734375 0.23895833333333333 0.12809375 0.3348333333333333
1 0.27034375 0.1179375 0.16684375 0.185125
1 0.3729609375 0.2667291666666667 0.262828125 0.24566666666666667
1 0.9532499999999999 0.7811354166666667 0.0935 0.2230625
1 0.737171875 0.24119791666666668 0.16359375 0.24160416666666668
1 0.1202421875 0.5688125 0.240484375 0.4469166666666667
