0 0.21204687500000002 0.27729166666666666 0.07740625 0.120625
0 0.6441250000000001 0.23136458333333332 0.06 0.0870625
0 0.5425703125 0.24195833333333333 0.046359375 0.11204166666666666
0 0.8370156249999999 0.23679166666666665 0.08937500000000001 0.12620833333333334
0 0.3972265625 0.25857291666666665 0.025296875000000003 0.06497916666666667
0 0.635703125 0.23354166666666665 0.07125000000000001 0.11458333333333333
0 0.30753125 0.26633333333333337 0.0465 0.10358333333333333
0 0.46108593749999993 0.2557395833333333 0.10395312500000001 0.11160416666666667
0 0.757921875 0.25263541666666667 0.025625 0.06039583333333333
0 0.9553984375000001 0.22305208333333332 0.072921875 0.1513125
0 0.7758046875 0.23585416666666667 0.030265625 0.09104166666666667
0 0.7743671875 0.24703125 0.038390625 0.08810416666666666
0 0.364921875 0.27460416666666665 0.01453125 0.07629166666666666
