1 0.57472 0.25324 0.1854 0.13933333333333334
1 0.43824 0.5299866666666667 0.1926 0.4782133333333334
1 0.30747 0.5353733333333333 0.2389 0.5433333333333333
1 0.16348 0.5236 0.3 0.6112533333333333
1 0.7528 0.3200133333333333 0.18768 0.25842666666666664
1 0.5796800000000001 0.5128666666666666 0.24592 0.45405333333333336
1 0.88985 0.4789333333333333 0.17798 0.48917333333333335
1 0.8014 0.5966266666666667 0.30168 0.5910133333333333
1 0.39429000000000003 0.2517066666666667 0.1161 0.11781333333333334
1 0.09086 0.4440266666666666 0.15896000000000002 0.46725333333333335
