0 0.13155468750000002 0.6181132075471698 0.021859375 0.04858490566037736
0 0.40002343749999997 0.5885966981132076 0.08139062500000001 0.07455188679245282
0 0.70234375 0.6126297169811321 0.096125 0.08643867924528302
0 0.5472109375 0.24869103773584908 0.065359375 0.0891745283018868
0 0.402 0.24293632075471697 0.07296875 0.12054245283018868
0 0.2575234375 0.255058962264151 0.087734375 0.10233490566037735
0 0.7582890625 0.6195518867924529 0.025953125 0.041415094339622635
0 0.51484375 0.5943396226415094 0.01240625 0.04816037735849057
0 0.26772656250000004 0.6000707547169811 0.066453125 0.043679245283018864
0 0.1336328125 0.6065919811320755 0.11173437500000001 0.06502358490566038
0 0.028765625 0.17794811320754716 0.026718750000000003 0.07957547169811321
0 0.7957265625000001 0.2737382075471698 0.015171875000000001 0.03492924528301887
0 0.7710781250000001 0.6068985849056604 0.05903125 0.08091981132075472
0 0.6109140624999999 0.6252240566037737 0.020984375 0.049834905660377356
0 0.41484375 0.32193396226415094 0.8296875 0.6438679245283019
