1 0.2870390625 0.23226525821596242 0.277984375 0.2482394366197183
1 0.6379765625 0.4668075117370892 0.084234375 0.1444131455399061
1 0.7336562499999999 0.4832981220657277 0.141875 0.1760798122065728
1 0.2565390625 0.7513028169014084 0.298140625 0.46354460093896716
1 0.16265625 0.49265258215962443 0.10171875 0.06276995305164319
1 0.131171875 0.3671361502347417 0.10262500000000001 0.102018779342723
1 0.108625 0.30789906103286385 0.0595 0.04194835680751174
1 0.1101484375 0.3980164319248826 0.117390625 0.08931924882629107
1 0.838515625 0.7467605633802817 0.30775 0.4805164319248826
1 0.46583593749999996 0.35433098591549295 0.10201562500000001 0.1298826291079812
1 0.771640625 0.572206572769953 0.14675 0.18314553990610327
1 0.5881875 0.40795774647887323 0.11203125 0.16239436619718312
1 0.556828125 0.3800234741784037 0.09765625 0.17591549295774647
1 0.31015625 0.3826291079812207 0.3515625 0.23943661971830985
