1 0.7080349794238684 0.37927343750000003 0.0726954732510288 0.098109375
1 0.6453497942386832 0.470109375 0.04415637860082305 0.06415625
1 0.38135802469135804 0.47490625 0.06510288065843621 0.06375
1 0.28310699588477367 0.4735390625 0.07349794238683127 0.074921875
1 0.330761316872428 0.561015625 0.07604938271604939 0.06740625
1 0.38618312757201645 0.558796875 0.05170781893004115 0.06596874999999999
1 0.43164609053497943 0.55759375 0.05555555555555555 0.0615625
1 0.7484053497942388 0.61384375 0.04648148148148148 0.059343749999999994
1 0.8120987654320988 0.542484375 0.03378600823045268 0.055843750000000004
1 0.5755658436213991 0.135015625 0.08055555555555555 0.094
1 0.2624074074074074 0.35289843750000005 0.12090534979423868 0.10882812500000001
1 0.19693415637860084 0.3539140625 0.08921810699588477 0.102578125
1 0.4462962962962963 0.36077343749999996 0.09872427983539094 0.10345312499999999
1 0.5596707818930041 0.49609375 0.8765432098765432 0.9921875
