1 0.4721041666666667 0.4469140625 0.19087500000000002 0.16498437500000002
1 0.7335520833333333 0.24897656250000005 0.06514583333333333 0.06792187499999999
1 0.5569166666666666 0.632171875 0.1728333333333333 0.15909374999999998
1 0.65690625 0.598078125 0.14510416666666667 0.0970625
1 0.13174999999999998 0.59871875 0.19583333333333333 0.16728125
1 0.26421875 0.8147500000000001 0.15506250000000002 0.17171875
1 0.15342708333333333 0.8658671874999999 0.20531249999999998 0.185046875
1 0.11827083333333334 0.703578125 0.19591666666666668 0.159375
1 0.51725 0.2416484375 0.09708333333333334 0.097921875
1 0.6212291666666666 0.245984375 0.07641666666666666 0.09553125
1 0.32865625 0.6070625 0.20297916666666668 0.1908125
1 0.4485 0.6473671875 0.12379166666666667 0.150953125
1 0.6996979166666666 0.5971249999999999 0.058145833333333334 0.09131249999999999
1 0.5802083333333333 0.28984375 0.5479166666666667 0.4015625
