1 0.3290546875 0.2907780612244898 0.112328125 0.20553571428571427
1 0.420609375 0.36470663265306125 0.074875 0.16752551020408163
1 0.5785234375 0.46700255102040816 0.07954687499999999 0.1503826530612245
1 0.6800078125000001 0.5054464285714285 0.092890625 0.21619897959183673
1 0.7968828125 0.622219387755102 0.083796875 0.1310204081632653
1 0.8532968750000001 0.7512372448979592 0.11303125 0.1857908163265306
1 0.885359375 0.5935331632653061 0.12240625000000001 0.32278061224489796
1 0.0655546875 0.2844387755102041 0.130203125 0.2571428571428571
1 0.340484375 0.3603698979591837 0.06646875 0.13793367346938776
1 0.4886875 0.39887755102040817 0.07428125 0.19127551020408165
1 0.75703125 0.7085714285714285 0.08384375 0.1770918367346939
1 0.214859375 0.2702551020408163 0.14971874999999998 0.3142857142857143
1 0.1123046875 0.18400510204081633 0.11695312499999999 0.23346938775510204
