1 0.9139578454332552 0.4439375 0.17208430913348946 0.16503125000000002
1 0.33956674473067916 0.5407578125 0.08822014051522249 0.087484375
1 0.8152693208430913 0.789296875 0.07414519906323185 0.0831875
1 0.5567564402810304 0.7695703125 0.10545667447306792 0.08595312499999999
1 0.7251170960187353 0.7869140625 0.1075175644028103 0.084765625
1 0.8373302107728336 0.607375 0.0668384074941452 0.06965625
1 0.40508196721311474 0.7383984375 0.10327868852459017 0.08267187499999999
1 0.17324355971896954 0.8651562500000001 0.08840749414519906 0.08740624999999999
1 0.8966042154566746 0.7680390625 0.06674473067915691 0.07323437499999999
1 0.8485128805620609 0.795890625 0.04817330210772834 0.04771875
1 0.3310070257611241 0.91678125 0.08608899297423887 0.08056250000000001
1 0.6323419203747073 0.598125 0.12412177985948478 0.08703125
