0 0.089046875 0.8933842794759825 0.03690625 0.10537117903930131
0 0.23646875 0.9356659388646288 0.09128125000000001 0.12866812227074237
0 0.27667968750000005 0.895796943231441 0.063265625 0.12805676855895196
0 0.513 0.9198471615720524 0.17690625 0.13707423580786027
0 0.6597812500000001 0.928504366812227 0.13468750000000002 0.14299126637554585
0 0.7377499999999999 0.9023144104803493 0.15128124999999998 0.1524890829694323
0 0.3675390625 0.9373253275109169 0.13173437500000001 0.12534934497816594
0 0.41415625 0.8905676855895196 0.09021875 0.12781659388646288
0 0.5808671875 0.892467248908297 0.059578125 0.1721397379912664
0 0.222015625 0.8588537117903929 0.0988125 0.15945414847161574
0 0.7476640625 0.8548471615720523 0.130984375 0.18353711790393012
0 0.680171875 0.8462336244541484 0.08059374999999999 0.1166593886462882
0 0.625515625 0.834934497816594 0.07715625000000001 0.0883406113537118
0 0.36484375 0.8635371179039302 0.7265625 0.2685589519650655
