1 0.521875 0.5083749999999999 0.21433333333333332 0.20612499999999997
1 0.9091770833333332 0.51759375 0.18164583333333334 0.20346875
1 0.7656041666666666 0.2182109375 0.21716666666666665 0.19639062499999999
1 0.3683020833333333 0.5128593749999999 0.17710416666666667 0.18328125
1 0.14204166666666665 0.20070312499999998 0.2734583333333333 0.25534375
1 0.26738541666666665 0.133984375 0.18885416666666668 0.20309375
1 0.4387916666666667 0.183703125 0.18075000000000002 0.19037500000000002
1 0.4795833333333333 0.059187500000000004 0.13620833333333332 0.08803125
1 0.6726249999999999 0.037609375 0.16208333333333333 0.0745
1 0.8893958333333333 0.23450781250000002 0.22120833333333334 0.46901562500000005
1 0.9070416666666666 0.7557734375 0.18591666666666665 0.249859375
1 0.3226145833333333 0.25027343750000003 0.12660416666666668 0.148203125
1 0.5752083333333334 0.2528984375 0.2529166666666667 0.169421875
1 0.49895833333333334 0.5 0.9979166666666667 0.996875
