1 0.5257265625 0.63440625 0.185296875 0.19727083333333334
1 0.3593203125 0.823 0.33410937500000004 0.31916666666666665
1 0.2369609375 0.5457395833333333 0.182140625 0.2305625
1 0.0890859375 0.5043124999999999 0.133015625 0.19516666666666668
1 0.712078125 0.6022500000000001 0.0994375 0.23370833333333335
1 0.25582812499999996 0.6908541666666667 0.14378125 0.218125
1 0.38228125 0.5746354166666666 0.18546875000000002 0.32147916666666665
1 0.2810703125 0.46230208333333334 0.130171875 0.11818749999999999
1 0.8567031249999999 0.7671354166666667 0.28659375 0.3838125
1 0.13609374999999999 0.42885416666666665 0.07353125 0.06787499999999999
1 0.830015625 0.63659375 0.25053125 0.32752083333333337
1 0.5994609375 0.5490625 0.10123437500000002 0.11391666666666667
1 0.7149375 0.9086562499999999 0.229875 0.15585416666666668
1 0.57734375 0.6479166666666667 0.2640625 0.4041666666666667
