0 0.7726099999999999 0.893048048048048 0.16538 0.20735735735735736
0 0.89146 0.7442792792792793 0.09848 0.14843843843843843
0 0.7097100000000001 0.8533033033033033 0.10422 0.17801801801801803
0 0.91887 0.7735885885885885 0.13998 0.18579579579579578
0 0.8540399999999999 0.9111561561561562 0.12548 0.17756756756756759
0 0.7725400000000001 0.7518918918918919 0.11444 0.10288288288288287
0 0.79955 0.7643243243243244 0.1561 0.1406006006006006
0 0.46171 0.8296396396396396 0.15797999999999998 0.12204204204204204
0 0.95662 0.9246696696696696 0.07956 0.11948948948948948
0 0.6366799999999999 0.8012612612612613 0.054759999999999996 0.10708708708708707
0 0.56308 0.8044444444444444 0.055479999999999995 0.07357357357357357
0 0.75678 0.7225675675675676 0.12784 0.12471471471471472
0 0.9169599999999999 0.6673723723723725 0.07831999999999999 0.11984984984984984
0 0.592 0.8093093093093093 0.604 0.36936936936936937
