1 0.17195501730103807 0.8964531250000001 0.2461937716262976 0.20709375
1 0.059385813148788935 0.9241718750000001 0.11877162629757787 0.15165625
1 0.09275951557093425 0.799890625 0.05264705882352941 0.0713125
1 0.07141868512110727 0.6465390625 0.058615916955017305 0.066171875
1 0.1526297577854671 0.44232812500000007 0.08771626297577856 0.13828125
1 0.020588235294117647 0.397859375 0.041176470588235294 0.08653125
1 0.3036851211072665 0.95484375 0.08882352941176472 0.0511875
1 0.5559169550173011 0.927921875 0.17678200692041524 0.14415625
1 0.3231055363321799 0.8481406249999999 0.22167820069204153 0.1794375
1 0.6640570934256056 0.9622734375 0.1467301038062284 0.075453125
1 0.7425519031141868 0.8846171875000002 0.06375432525951558 0.06348437500000001
1 0.9474567474048443 0.785828125 0.10245674740484428 0.08449999999999999
1 0.09012975778546713 0.42803125 0.13302768166089965 0.10037499999999999
1 0.5657439446366782 0.8765625 0.44982698961937717 0.24375
