1 0.4323100000000001 0.4630838323353294 0.07718000000000001 0.16401197604790418
1 0.71316 0.6288473053892215 0.1348 0.2656586826347305
1 0.54247 0.5481586826347306 0.1139 0.21008982035928145
1 0.24944 0.5476497005988025 0.10312 0.17074850299401198
1 0.32650999999999997 0.6386077844311377 0.10806 0.1799700598802395
1 0.45574000000000003 0.6722305389221557 0.12844 0.23434131736526945
1 0.54146 0.25893712574850297 0.06876 0.1282934131736527
1 0.48974 0.43356287425149703 0.09636 0.10736526946107784
1 0.5807599999999999 0.10672155688622753 0.0538 0.10368263473053893
1 0.28676999999999997 0.19492514970059882 0.2817 0.38985029940119764
1 0.74 0.47604790419161674 0.064 0.11976047904191617
