1 0.303171875 0.22167840375586856 0.24090625000000002 0.3240610328638498
1 0.1644453125 0.2438380281690141 0.17095312499999998 0.18007042253521124
1 0.5160234375 0.7478286384976526 0.180734375 0.3656572769953052
1 0.270734375 0.6667370892018779 0.28718750000000004 0.5662910798122066
1 0.4857265625 0.21396713615023472 0.17089062500000002 0.39863849765258214
1 0.20847656250000002 0.4053403755868545 0.277296875 0.4513849765258216
1 0.7554609375 0.7602934272300469 0.275484375 0.3830281690140845
1 0.7520703125 0.36492957746478866 0.342328125 0.5428638497652581
1 0.3832109375 0.8126643192488263 0.165109375 0.22715962441314552
1 0.44835156249999997 0.5588967136150235 0.099328125 0.2170892018779343
1 0.5533750000000001 0.4928638497652582 0.14903125 0.20215962441314556
