1 0.49890625 0.4859375 0.1518125 0.228
1 0.6739765625 0.44854166666666667 0.204859375 0.37120833333333336
1 0.3153125 0.3797708333333334 0.19043749999999998 0.30325
1 0.582734375 0.23934375 0.13609374999999999 0.1761875
1 0.7353125 0.14684375 0.19853125 0.26960416666666664
1 0.9406718749999999 0.11203125 0.11865624999999999 0.2240625
1 0.562015625 0.7826354166666667 0.22715625 0.2663125
1 0.257046875 0.5847083333333334 0.09815625 0.130875
1 0.276875 0.16968749999999996 0.285625 0.33420833333333333
1 0.9756406250000002 0.52671875 0.04871875 0.23589583333333333
1 0.44209375 0.38938541666666665 0.1655 0.3257291666666667
1 0.41100000000000003 0.8265833333333333 0.134625 0.30362500000000003
1 0.2965703125 0.7386458333333333 0.133609375 0.16216666666666668
1 0.24375 0.740625 0.3625 0.5145833333333333
