1 0.22222 0.5966356382978723 0.12 0.21348404255319148
1 0.47233 0.6325930851063829 0.11322 0.10561170212765958
1 0.42001 0.6444148936170212 0.0493 0.09909574468085106
1 0.32974000000000003 0.5753723404255319 0.09456 0.12574468085106383
1 0.40424 0.4818617021276596 0.0492 0.09228723404255319
1 0.59729 0.3786170212765958 0.0445 0.10276595744680851
1 0.6033299999999999 0.7073404255319148 0.03154 0.10196808510638299
1 0.37557999999999997 0.4849069148936171 0.04988 0.09156914893617021
1 0.12433000000000001 0.7150398936170214 0.05314 0.0813563829787234
1 0.53627 0.6441622340425532 0.06445999999999999 0.08571808510638297
1 0.7833499999999999 0.4960372340425532 0.04358 0.08494680851063831
1 0.82717 0.5022739361702128 0.0485 0.062473404255319144
1 0.5692 0.7035771276595745 0.0502 0.13688829787234041
1 0.541 0.5957446808510638 0.914 0.3351063829787234
