0 0.818921568627451 0.2995261437908497 0.011797385620915032 0.04016339869281046
0 0.8819444444444444 0.158390522875817 0.10800653594771241 0.0756045751633987
0 0.8312254901960784 0.2839297385620915 0.03931372549019608 0.059918300653594776
0 0.7943300653594771 0.2964542483660131 0.044248366013071895 0.05983660130718954
0 0.8938480392156862 0.20903594771241832 0.07246732026143791 0.05738562091503267
0 0.3432107843137255 0.14716503267973857 0.04465686274509804 0.08341503267973856
0 0.45433006535947706 0.15581699346405228 0.03441176470588235 0.0631045751633987
0 0.30057189542483664 0.13751633986928105 0.01996732026143791 0.055718954248366016
0 0.7925245098039215 0.13711601307189544 0.09158496732026143 0.06377450980392158
0 0.8428104575163398 0.24285130718954248 0.11091503267973855 0.08557189542483659
0 0.6812091503267974 0.13091503267973856 0.02238562091503268 0.05369281045751634
0 0.7238235294117646 0.13745098039215686 0.02908496732026144 0.07758169934640523
0 0.7348366013071896 0.11820261437908497 0.026111111111111113 0.05071895424836601
