1 0.21314999999999998 0.19992 0.22382 0.2688
1 0.60299 0.73268 0.18453999999999998 0.11666666666666667
1 0.43472 0.3906933333333333 0.08288 0.12650666666666666
1 0.44315999999999994 0.3806266666666666 0.02504 0.05736
1 0.34155 0.3155466666666667 0.1351 0.21904
1 0.38754 0.33968 0.08 0.18570666666666666
1 0.45515999999999995 0.4064933333333333 0.047560000000000005 0.10098666666666666
1 0.47266 0.4236266666666667 0.022359999999999998 0.08949333333333334
1 0.49845 0.439 0.02002 0.06695999999999999
1 0.50847 0.44948 0.01626 0.06125333333333333
1 0.28849 0.27813333333333334 0.03678 0.03776
1 0.48273999999999995 0.4250933333333334 0.02568 0.09493333333333334
1 0.9605899999999999 0.27285333333333334 0.05806 0.19290666666666667
1 0.658 0.49466666666666664 0.68 0.6373333333333333
