1 0.7331640625 0.6993854166666666 0.17385937499999998 0.1594375
1 0.49466406249999995 0.8730416666666667 0.27135937499999996 0.23145833333333332
1 0.7384609375 0.5527604166666666 0.14851562499999998 0.17822916666666666
1 0.7951796875 0.7054062499999999 0.06398437500000001 0.1250625
1 0.7236718750000001 0.8788125000000001 0.210875 0.242375
1 0.40607812499999996 0.8370416666666667 0.14750000000000002 0.19241666666666665
1 0.659328125 0.69434375 0.10575000000000001 0.14710416666666667
1 0.9129843750000001 0.5469375000000001 0.119875 0.23404166666666668
1 0.5666640624999999 0.5865833333333333 0.256546875 0.3420833333333333
1 0.45125000000000004 0.45467708333333334 0.16671875 0.15585416666666668
1 0.3151171875 0.6287708333333334 0.154046875 0.14020833333333332
1 0.44985937500000006 0.6084479166666666 0.18234375 0.26485416666666667
1 0.74453125 0.8072916666666666 0.5078125 0.38125
