0 0.41812499999999997 0.6370390625000001 0.47904166666666664 0.477984375
0 0.8978541666666667 0.559265625 0.20429166666666668 0.146625
0 0.6202187499999999 0.19340625 0.17977083333333335 0.2516875
0 0.14832291666666667 0.17191406250000002 0.2846458333333333 0.137078125
0 0.054572916666666665 0.5002421875 0.10914583333333333 0.247984375
0 0.94015625 0.6858515625 0.1196875 0.176421875
0 0.44127083333333333 0.6372734375 0.23904166666666665 0.285203125
0 0.7249270833333334 0.20528906249999998 0.13747916666666665 0.175390625
0 0.05076041666666667 0.659625 0.09497916666666667 0.14471875
0 0.35724999999999996 0.2485234375 0.25929166666666664 0.061046875
