1 0.70654 0.1884450402144772 0.24708000000000002 0.2794638069705094
1 0.51951 0.3402815013404826 0.13482 0.2200268096514745
1 0.59717 0.5094369973190349 0.16206 0.309597855227882
1 0.72246 0.49769436997319033 0.16216 0.24235924932975872
1 0.42844 0.46765415549597855 0.143 0.21520107238605898
1 0.33979 0.26965147453083116 0.14642 0.2155495978552279
1 0.35328 0.4463404825737265 0.1144 0.12871313672922252
1 0.23892000000000002 0.3978418230563003 0.14448 0.14378016085790885
1 0.42881 0.30875335120643427 0.09490000000000001 0.15863270777479893
1 0.44495 0.18193029490616622 0.11474 0.19882037533512065
1 0.54104 0.22300268096514747 0.10404000000000001 0.13490616621983914
1 0.81707 0.5617962466487936 0.09054000000000001 0.09608579088471851
1 0.3623 0.30372654155495976 0.09924 0.10659517426273458
1 0.372 0.4624664879356568 0.304 0.16890080428954424
