1 0.4839058823529412 0.46030468750000003 0.1895058823529412 0.188765625
1 0.6128470588235294 0.572 0.15171764705882354 0.16140625
1 0.6909529411764707 0.6633671875 0.18505882352941178 0.129359375
1 0.9096823529411764 0.673734375 0.1615764705882353 0.15709375
1 0.5209647058823529 0.6719453125 0.16070588235294117 0.165578125
1 0.7252588235294118 0.46328125 0.20181176470588236 0.179
1 0.15798823529411765 0.672625 0.17367058823529413 0.15071874999999998
1 0.30888235294117644 0.46243749999999995 0.17192941176470586 0.19028125
1 0.4097176470588235 0.57475 0.18668235294117647 0.16428125
1 0.3191411764705882 0.673625 0.14091764705882354 0.16003125
1 0.22856470588235295 0.568546875 0.15623529411764708 0.1626875
1 0.8129294117647059 0.5645781249999999 0.20374117647058823 0.16218749999999998
1 0.49976470588235294 0.230671875 0.19232941176470586 0.18325
1 0.5270588235294118 0.36875 0.41411764705882353 0.240625
