0 0.9032890625000001 0.59625 0.097765625 0.07033333333333333
0 0.964234375 0.56753125 0.047625 0.08414583333333334
0 0.9771015625 0.5060833333333333 0.016296875 0.06045833333333333
0 0.9055703124999999 0.5018854166666666 0.074640625 0.08422916666666666
0 0.9142812499999999 0.54621875 0.06659375 0.07222916666666666
0 0.869953125 0.490375 0.04340625 0.07591666666666666
0 0.8553593750000001 0.5425520833333334 0.02053125 0.0710625
0 0.8744531250000002 0.58484375 0.06471875 0.06731250000000001
0 0.9545 0.5431875 0.01840625 0.0495
0 0.9564453125 0.5000208333333334 0.040046874999999996 0.06791666666666667
0 0.9528984375 0.6145625 0.092015625 0.06787499999999999
