0 0.426734375 0.5213541666666667 0.08903124999999999 0.17433333333333334
0 0.38182812499999996 0.5025 0.03353125 0.18504166666666666
0 0.353125 0.47769791666666667 0.04675 0.15289583333333334
0 0.4717421875 0.6255729166666667 0.07145312499999999 0.15777083333333333
0 0.3583046875 0.6496041666666666 0.054453125000000005 0.18566666666666667
0 0.4313515625 0.6761666666666667 0.13479687499999998 0.14991666666666664
0 0.4375234375 0.6239375 0.079015625 0.20920833333333333
0 0.4896484375 0.66475 0.033546875 0.17633333333333334
0 0.317375 0.6320833333333334 0.04109375 0.20745833333333333
0 0.41146093749999996 0.4846770833333333 0.044671875 0.09835416666666667
0 0.474109375 0.5328645833333333 0.05915625 0.14660416666666667
0 0.44444531249999997 0.4535416666666667 0.052703124999999997 0.06416666666666666
0 0.493078125 0.5176875 0.038406249999999996 0.08533333333333333
