0 0.4706772009029345 0.46096875 0.042799097065462754 0.055374999999999994
0 0.44748306997742665 0.5071953125 0.08670428893905191 0.050984375000000005
0 0.5287584650112866 0.46510937500000005 0.03056433408577878 0.046125
0 0.5431602708803612 0.4645390625 0.03738148984198645 0.038140625
0 0.44299097065462756 0.41084375 0.04218961625282167 0.02584375
0 0.4674943566591422 0.40940624999999997 0.06925507900677201 0.044875
0 0.5020880361173814 0.41121093750000004 0.04715575620767495 0.043640625
0 0.5156207674943566 0.412703125 0.04686230248306998 0.0469375
0 0.48769751693002256 0.458765625 0.031241534988713317 0.043875
0 0.5105417607223476 0.4644375 0.03882618510158013 0.04678125
0 0.47418735891647856 0.632296875 0.14146726862302483 0.08075
0 0.43862302483069976 0.4527265625 0.03376975169300226 0.042890625
0 0.5222799097065463 0.41465625 0.0363431151241535 0.038843749999999996
0 0.5033860045146726 0.4640625 0.07674943566591422 0.053125
