1 0.5576770833333333 0.5618359374999999 0.12477083333333333 0.127953125
1 0.41131249999999997 0.614390625 0.030125000000000002 0.04259375
1 0.38871875 0.36190625 0.1046875 0.0964375
1 0.4981770833333333 0.4080390625 0.0888125 0.079203125
1 0.3116979166666667 0.5452890625 0.09485416666666667 0.101546875
1 0.32807291666666666 0.782125 0.1405625 0.17171875
1 0.6261875 0.7105703125 0.10154166666666667 0.098578125
1 0.5454791666666666 0.69815625 0.08991666666666666 0.12171875000000001
1 0.42733333333333334 0.8123125 0.09683333333333333 0.08203125
1 0.28731249999999997 0.3581484375 0.10741666666666667 0.107421875
1 0.62071875 0.38389843749999997 0.15252083333333333 0.139390625
1 0.4786458333333333 0.72590625 0.10229166666666667 0.09559375
1 0.4295208333333333 0.48440625 0.09808333333333333 0.08221875
1 0.4552083333333333 0.68828125 0.4395833333333333 0.3140625
