0 0.5703828125 0.7285260115606936 0.132421875 0.30786127167630056
0 0.904484375 0.7898843930635838 0.15428124999999998 0.3213294797687861
0 0.78225 0.7475722543352602 0.12875 0.3076878612716763
0 0.7034140625 0.7696676300578035 0.182234375 0.28540462427745666
0 0.311625 0.7190895953757226 0.0886875 0.2471965317919075
0 0.24675781249999998 0.6390028901734105 0.085671875 0.22985549132947977
0 0.1129140625 0.6672398843930636 0.080140625 0.25777456647398844
0 0.057703125 0.6089884393063584 0.0886875 0.2516763005780347
0 0.621109375 0.559393063583815 0.09884375 0.1445664739884393
0 0.2974921875 0.4639739884393064 0.151234375 0.2441907514450867
0 0.6949140625 0.585028901734104 0.143359375 0.21797687861271678
0 0.4736015625 0.6669364161849711 0.130765625 0.3067052023121387
0 0.43560937499999997 0.5416618497109826 0.07928125 0.23968208092485552
0 0.51640625 0.41040462427745666 0.9265625 0.7861271676300579
