1 0.26348958333333333 0.396859375 0.1751458333333333 0.1149375
1 0.6877291666666666 0.404828125 0.16804166666666667 0.10718749999999999
1 0.5629270833333333 0.412890625 0.13939583333333333 0.10840625
1 0.7181666666666667 0.5509453125 0.10275 0.100484375
1 0.4832708333333333 0.5660390625 0.16220833333333334 0.119953125
1 0.23830208333333333 0.6942890625 0.14277083333333335 0.126296875
1 0.3843333333333333 0.727375 0.150125 0.10271875
1 0.6131666666666666 0.7250078125 0.09658333333333333 0.123015625
1 0.29215625 0.536671875 0.1198125 0.08449999999999999
1 0.31259375000000006 0.565234375 0.10339583333333334 0.06578125
1 0.3956770833333333 0.5578359374999999 0.06802083333333334 0.08832812500000001
1 0.6300520833333333 0.5716015624999999 0.15118749999999997 0.13873437500000002
1 0.5378437500000001 0.5090078124999999 0.14160416666666667 0.050453125
1 0.4635416666666667 0.47265625 0.6979166666666666 0.6984375
