1 0.5307890625 0.6964270833333334 0.114328125 0.24835416666666665
1 0.652859375 0.6920520833333333 0.050937500000000004 0.13252083333333334
1 0.34652343750000003 0.6691354166666666 0.11114062499999999 0.16372916666666668
1 0.2333828125 0.6561458333333334 0.041609375 0.081375
1 0.1995625 0.5971666666666666 0.0364375 0.040749999999999995
1 0.20075781249999997 0.6686979166666667 0.058578125 0.1529791666666667
1 0.42514843750000003 0.30911458333333336 0.097765625 0.12422916666666667
1 0.730140625 0.6910000000000001 0.05090625 0.06787499999999999
1 0.26440625000000006 0.6834895833333334 0.040281250000000005 0.1223125
1 0.3610078125 0.3775104166666666 0.058171875 0.09610416666666667
1 0.22371875000000002 0.31796875 0.064625 0.1301875
1 0.8341406249999999 0.5711145833333333 0.04740625 0.05464583333333333
1 0.40257812499999995 0.6677291666666666 0.054000000000000006 0.12758333333333333
1 0.60234375 0.6614583333333334 0.0890625 0.11458333333333333
