0 0.2372890625 0.3491145833333333 0.0044843750000000005 0.016979166666666667
0 0.13371875 0.33 0.0166875 0.023708333333333335
0 0.0491953125 0.3506875 0.022703124999999998 0.03025
0 0.11967968749999999 0.3438333333333333 0.031921875 0.04520833333333333
0 0.2200078125 0.34724999999999995 0.014859375 0.024666666666666667
0 0.2313359375 0.3474166666666667 0.009078125 0.016375
0 0.255203125 0.33007291666666666 0.014374999999999999 0.02002083333333333
0 0.22815624999999998 0.33022916666666663 0.0173125 0.01933333333333333
0 0.229109375 0.36115625 0.01278125 0.015854166666666666
0 0.209765625 0.35541666666666666 0.02753125 0.021625000000000002
0 0.1713828125 0.3305208333333333 0.017953125 0.025208333333333333
0 0.24396875 0.34692708333333333 0.01825 0.023770833333333335
