0 0.5909140625 0.6242505854800937 0.084046875 0.11674473067915692
0 0.7012109375 0.6403981264637002 0.117796875 0.11035128805620609
0 0.48078125 0.7031498829039813 0.09196875 0.1418969555035129
0 0.66553125 0.7350351288056206 0.066125 0.08201405152224825
0 0.7578828125 0.7209484777517564 0.065734375 0.0334192037470726
0 0.5609531249999999 0.7049180327868853 0.054593749999999996 0.043700234192037474
0 0.5698515625 0.7487002341920375 0.150703125 0.18587822014051522
0 0.5106171875 0.6138758782201406 0.072140625 0.11149882903981265
0 0.55340625 0.6148829039812647 0.0389375 0.08911007025761124
0 0.6761171874999999 0.6966978922716628 0.074046875 0.043700234192037474
0 0.6678984375 0.6601990632318502 0.10132812499999999 0.09885245901639345
