1 0.251125 0.7191041666666665 0.14156249999999998 0.23370833333333335
1 0.16421875 0.39559374999999997 0.27765625 0.45822916666666663
1 0.3665625 0.4162604166666667 0.18084375 0.3076875
1 0.27096875000000004 0.58075 0.2164375 0.24383333333333335
1 0.808796875 0.4756979166666666 0.29459375 0.47631249999999997
1 0.5671406250000001 0.5442708333333334 0.27809375 0.46066666666666667
1 0.2845546875 0.2931354166666667 0.100390625 0.19664583333333333
1 0.14650000000000002 0.6025520833333334 0.11356250000000001 0.12722916666666667
1 0.39779687499999994 0.6318020833333333 0.135 0.18747916666666667
1 0.47484374999999995 0.24580208333333334 0.18853124999999998 0.20052083333333334
1 0.8718515625000001 0.8459374999999999 0.073140625 0.11
1 0.3454453125 0.81096875 0.040421875 0.06702083333333334
