1 0.520921875 0.4418543046357616 0.21515625 0.32387417218543046
1 0.42204687500000004 0.4555794701986755 0.20446875000000003 0.3156622516556291
1 0.671671875 0.4526407284768212 0.24890625000000002 0.3444205298013245
1 0.7888125 0.7951241721854304 0.26265625 0.35743377483443706
1 0.5996015625 0.7962086092715231 0.26692187500000003 0.3241390728476821
1 0.424046875 0.7815314569536423 0.2401875 0.31756622516556293
1 0.9438125000000002 0.12652317880794703 0.112375 0.25304635761589406
1 0.354015625 0.46953642384105965 0.114375 0.29337748344370856
1 0.43221875 0.18395695364238412 0.1620625 0.26301324503311263
1 0.787875 0.13483443708609272 0.23965625 0.26966887417218544
1 0.61415625 0.14452814569536424 0.25196874999999996 0.28905629139072847
1 0.8816015625 0.4461175496688741 0.23679687500000002 0.344023178807947
1 0.5170312499999999 0.139114238410596 0.12953125000000001 0.265546357615894
1 0.60625 0.6564569536423841 0.784375 0.6837748344370861
