0 0.19731 0.34274666666666664 0.11102 0.17626666666666665
0 0.26767 0.31694666666666665 0.08174 0.22253333333333333
0 0.33264 0.2690133333333333 0.09112 0.23493333333333333
0 0.40620999999999996 0.3397733333333333 0.05465999999999999 0.08696
0 0.45348 0.3079733333333333 0.050320000000000004 0.07786666666666667
0 0.91616 0.45766666666666667 0.02252 0.060719999999999996
0 0.41785 0.40718666666666664 0.060579999999999995 0.05549333333333333
0 0.198 0.5647333333333333 0.08572 0.09538666666666668
0 0.36401999999999995 0.63428 0.07404000000000001 0.07938666666666666
0 0.52682 0.27757333333333334 0.055240000000000004 0.06346666666666667
0 0.96261 0.28006666666666663 0.07174 0.02552
0 0.8396699999999999 0.30402666666666667 0.018539999999999997 0.014293333333333335
0 0.88873 0.32069333333333333 0.06406 0.06917333333333334
0 0.55 0.43333333333333335 0.856 0.5253333333333333
