1 0.7653203125 0.32975467289719623 0.05254687500000001 0.0785747663551402
1 0.7161953125 0.501214953271028 0.074390625 0.13841121495327102
1 0.8297968750000001 0.36959112149532714 0.0386875 0.09175233644859813
1 0.261046875 0.6713084112149532 0.2761875 0.3752803738317757
1 0.6892421875 0.46800233644859807 0.024453125 0.05306074766355141
1 0.9823437500000001 0.3889719626168225 0.0326875 0.08598130841121494
1 0.8079921875 0.42656542056074764 0.089515625 0.1547196261682243
1 0.8650703125 0.35956775700934585 0.015328125000000001 0.028341121495327106
1 0.8842968749999999 0.41890186915887856 0.07078124999999999 0.1358878504672897
1 0.9185390625000001 0.4194976635514019 0.051484375000000006 0.04992990654205608
