1 0.7526112412177987 0.6 0.49477751756440286 0.43596874999999996
1 0.41159250585480095 0.53496875 0.3161124121779859 0.17450000000000002
1 0.17496487119437942 0.519609375 0.34627634660421547 0.24134375000000002
1 0.21740046838407498 0.4287734375 0.23929742388758785 0.135078125
1 0.592903981264637 0.3587734375 0.17714285714285716 0.100296875
1 0.3229859484777518 0.4091171875 0.06550351288056205 0.08842187500000001
1 0.7569437939110071 0.8735937500000001 0.48611241217798595 0.23115625
1 0.5819672131147541 0.6094296875 0.17676814988290399 0.172015625
1 0.04838407494145199 0.42381250000000004 0.09676814988290398 0.08615625
1 0.4700117096018736 0.41128906249999997 0.28288056206088996 0.130546875
1 0.5 0.5625 0.9953161592505855 0.796875
