1 0.18963 0.4610875331564987 0.10298 0.220106100795756
1 0.46832 0.40870026525198944 0.07008 0.12912466843501327
1 0.14643 0.6048275862068966 0.03326 0.050397877984084884
1 0.41120000000000007 0.7641511936339522 0.14968 0.25254641909814324
1 0.54155 0.7570424403183025 0.12158 0.26946949602122017
1 0.28349 0.7597480106100796 0.13574 0.2870822281167109
1 0.5721900000000001 0.45954907161803715 0.1585 0.2389920424403183
1 0.7870499999999999 0.5827984084880636 0.11054 0.1939787798408488
1 0.73014 0.8247745358090186 0.12276000000000001 0.2759151193633952
1 0.70006 0.45942970822281165 0.10868000000000001 0.21578249336870026
1 0.82169 0.4662201591511936 0.13346 0.26633952254641907
1 0.64922 0.7320689655172414 0.12896000000000002 0.2793103448275862
1 0.84175 0.8293899204244032 0.11062000000000001 0.27257294429708223
1 0.389 0.28514588859416445 0.438 0.21485411140583555
