1 0.817 0.6044379391100702 0.3658125 0.7676112412177986
1 0.16829687499999998 0.6024824355971897 0.33659374999999997 0.7680093676814989
1 0.9567187500000001 0.08004683840749414 0.0865625 0.15892271662763466
1 0.90703125 0.07968384074941452 0.09418750000000001 0.15936768149882904
1 0.8188906250000001 0.08059718969555035 0.0461875 0.1611943793911007
1 0.36607031250000005 0.08920374707259954 0.07710937500000001 0.1330679156908665
1 0.715921875 0.0798711943793911 0.0769375 0.15154566744730677
1 0.5172890625 0.6844145199063232 0.38298437500000004 0.6051756440281031
1 0.1090078125 0.761135831381733 0.20795312500000002 0.47772833723653396
1 0.755796875 0.08063231850117096 0.105625 0.15269320843091336
