1 0.73390625 0.2876346604215457 0.35534374999999996 0.5752693208430913
1 0.1297890625 0.55403981264637 0.181453125 0.5922950819672131
1 0.26387499999999997 0.4404449648711944 0.242875 0.5752693208430913
1 0.3928203125 0.47528103044496484 0.233890625 0.5955269320843091
1 0.0832109375 0.6707962529274005 0.163421875 0.20449648711943794
1 0.336328125 0.8843208430913349 0.2183125 0.2313583138173302
1 0.534078125 0.8307962529274004 0.24821875000000002 0.1523185011709602
1 0.704 0.6877049180327869 0.41481250000000003 0.31461358313817334
1 0.8958124999999999 0.7640515222482436 0.20837500000000003 0.4044964871194379
1 0.7263828125 0.3211241217798595 0.115453125 0.21723653395784545
1 0.5569765625 0.5930093676814988 0.276859375 0.3361826697892272
1 0.904875 0.5432084309133489 0.1900625 0.24768149882903984
1 0.5195703125000001 0.2123887587822014 0.236296875 0.3966744730679157
1 0.6609375 0.468384074941452 0.3 0.36065573770491804
