1 0.5749609375 0.4353645833333334 0.205234375 0.39164583333333336
1 0.740734375 0.4595520833333333 0.17696875 0.46068749999999997
1 0.39753125 0.40660416666666666 0.20046875000000003 0.42645833333333333
1 0.397046875 0.6148958333333333 0.1484375 0.22729166666666664
1 0.8385468749999999 0.04832291666666667 0.12146874999999999 0.09664583333333333
1 0.42749218749999995 0.9091874999999999 0.137765625 0.181625
1 0.2667890625 0.5576770833333333 0.14360937499999998 0.2721458333333333
1 0.0421171875 0.55240625 0.082953125 0.20439583333333333
1 0.8646874999999999 0.9238750000000001 0.14484375 0.15225
1 0.203578125 0.04045833333333334 0.08225 0.08091666666666668
1 0.6848906250000001 0.05040625 0.10696874999999999 0.09664583333333333
