0 0.16720000000000002 0.08750999999999999 0.031626666666666664 0.05006
0 0.7134933333333333 0.07721000000000001 0.13210666666666668 0.07698
0 0.2370266666666667 0.11488999999999999 0.0324 0.0603
0 0.43050666666666665 0.06894 0.09392 0.0714
0 0.3614133333333333 0.22764 0.022026666666666667 0.04336
0 0.3004133333333333 0.07719 0.11469333333333333 0.07438
0 0.5005733333333333 0.06298000000000001 0.056666666666666664 0.06668
0 0.4817733333333334 0.15484 0.046586666666666665 0.04564
0 0.5284800000000001 0.07571000000000001 0.08261333333333333 0.06478
0 0.5624 0.09947 0.08314666666666666 0.0533
0 0.12150666666666667 0.22014 0.07026666666666667 0.0718
0 0.37032000000000004 0.06551 0.05274666666666667 0.06274
0 0.12601333333333334 0.13175 0.07869333333333334 0.07773999999999999
0 0.484 0.239 0.728 0.382
