0 0.06250781250000001 0.46529166666666666 0.016328125 0.07616666666666667
0 0.0842734375 0.6547708333333333 0.048484375 0.10533333333333333
0 0.08147656249999999 0.2916875 0.052234375 0.084
0 0.00990625 0.30385416666666665 0.0198125 0.06795833333333333
0 0.08735156250000001 0.5326666666666666 0.072359375 0.08233333333333334
0 0.008960937499999998 0.5322604166666667 0.012765625 0.06327083333333333
0 0.0180390625 0.64553125 0.023203124999999998 0.06039583333333333
0 0.051117187499999994 0.5738958333333333 0.046578125 0.07141666666666667
0 0.046164062500000005 0.46376041666666673 0.047203125 0.0895625
0 0.01003125 0.4204375 0.01996875 0.075
0 0.0197421875 0.5343854166666666 0.019640625000000002 0.06672916666666667
