1 0.6316400000000001 0.19844827586206895 0.13063999999999998 0.23811671087533157
1 0.32815999999999995 0.20749336870026525 0.11231999999999999 0.21228116710875333
1 0.84799 0.2342970822281167 0.07318000000000001 0.18551724137931033
1 0.55424 0.5532493368700265 0.09792000000000001 0.20777188328912466
1 0.36829 0.5983687002652519 0.19834000000000002 0.3076127320954907
1 0.12919 0.7590450928381963 0.13978 0.30859416445623344
1 0.8190500000000001 0.7026790450928383 0.13894 0.2096021220159151
1 0.27352 0.5594562334217507 0.13084 0.2085676392572944
1 0.48923 0.17278514588859417 0.09609999999999999 0.14222811671087532
1 0.2273 0.2106233421750663 0.08468 0.19090185676392574
1 0.67282 0.5842705570291776 0.09336 0.163342175066313
1 0.79348 0.22885941644562335 0.06132 0.16111405835543768
1 0.47768 0.5266710875331565 0.10228 0.21482758620689654
1 0.491 0.583554376657825 0.746 0.8275862068965517
