1 0.375 0.6224791666666667 0.33875 0.43145833333333333
1 0.9126406249999999 0.31797916666666665 0.17359375 0.4741666666666667
1 0.9466953124999999 0.6674687499999999 0.106609375 0.19493749999999999
1 0.725 0.7595208333333333 0.23912499999999998 0.47941666666666666
1 0.7914609375 0.51225 0.097984375 0.22549999999999998
1 0.7761484375000001 0.9532604166666666 0.116234375 0.09347916666666665
1 0.4732890625 0.4555208333333333 0.048390625 0.12445833333333334
1 0.1227265625 0.4991875 0.101578125 0.16545833333333335
1 0.5351640625 0.4788854166666667 0.105765625 0.11389583333333334
1 0.4622265625 0.073375 0.06314062499999999 0.14583333333333334
1 0.41221874999999997 0.22851041666666666 0.08953124999999999 0.10927083333333334
1 0.5059765625000001 0.24577083333333333 0.080203125 0.17829166666666665
1 0.8770625000000001 0.6677812499999999 0.17078125 0.22693750000000001
1 0.35625 0.6385416666666667 0.490625 0.23958333333333334
