1 0.48033593750000003 0.10337719298245615 0.112078125 0.13033333333333336
1 0.5620859374999999 0.5573421052631579 0.048921875 0.0834561403508772
1 0.8912890625000001 0.547938596491228 0.098734375 0.1338421052631579
1 0.518 0.7717105263157895 0.06446874999999999 0.1566842105263158
1 0.2548046875 0.6886754385964912 0.053578125 0.07050877192982456
1 0.8115937499999999 0.5913421052631579 0.03025 0.057140350877192984
1 0.73428125 0.7184736842105264 0.04775 0.12828070175438597
1 0.564578125 0.705280701754386 0.07553125000000001 0.12950877192982455
1 0.4533125 0.7015614035087719 0.039625 0.06480701754385965
1 0.2237109375 0.6541491228070175 0.028578125 0.05208771929824561
1 0.54115625 0.6196578947368421 0.034437499999999996 0.04208771929824561
1 0.220734375 0.6043684210526314 0.06315625 0.07684210526315789
1 0.46653125000000006 0.7908333333333334 0.030375000000000003 0.0733859649122807
