1 0.8275390625 0.6514268867924528 0.087484375 0.19365566037735849
1 0.7415390625 0.5796344339622641 0.048234375 0.13242924528301886
1 0.669296875 0.6206014150943396 0.06459375 0.19804245283018868
1 0.9526953125000001 0.5139150943396227 0.051015624999999995 0.15443396226415096
1 0.6530234375 0.5303891509433962 0.143421875 0.21172169811320754
1 0.7169609374999999 0.5923466981132075 0.082078125 0.1734198113207547
1 0.893140625 0.5234551886792452 0.043625000000000004 0.07785377358490565
1 0.9092656250000001 0.49057783018867923 0.0245625 0.037099056603773585
1 0.9244375000000001 0.5080070754716981 0.02678125 0.09874999999999999
1 0.8984609375 0.4633018867924528 0.059796875000000006 0.06466981132075472
1 0.8299140625 0.7100117924528302 0.072640625 0.12997641509433963
