1 0.365734375 0.2629270833333333 0.1516875 0.2831458333333333
1 0.3665703125 0.8471875 0.136515625 0.16179166666666667
1 0.7142734374999999 0.10855208333333333 0.210546875 0.21710416666666665
1 0.8295468749999999 0.15869791666666666 0.11559375000000001 0.30064583333333333
1 0.2659296875 0.92828125 0.114015625 0.1434375
1 0.5066015625 0.8081145833333333 0.06742187499999999 0.16089583333333335
1 0.300140625 0.7144375000000001 0.11181250000000001 0.101875
1 0.1277421875 0.12169791666666667 0.11373437500000001 0.24339583333333334
1 0.2433828125 0.10904166666666668 0.104203125 0.21808333333333335
1 0.37194531249999996 0.10884374999999999 0.173546875 0.21768749999999998
1 0.44528125 0.31966666666666665 0.068 0.17891666666666667
1 0.42027343749999996 0.49380208333333336 0.10710937499999999 0.2273125
1 0.5950859375 0.13523958333333333 0.10879687499999999 0.25860416666666663
1 0.3390625 0.7145833333333333 0.678125 0.5583333333333333
