1 0.6807291666666667 0.561984375 0.1885 0.118
1 0.5866145833333333 0.536234375 0.1430625 0.19496875
1 0.49529166666666663 0.530078125 0.18791666666666668 0.1651875
1 0.3881770833333333 0.5472109375 0.17735416666666665 0.174328125
1 0.4249479166666667 0.73446875 0.3733541666666667 0.17621875
1 0.7089791666666667 0.5107734375 0.1557083333333333 0.188046875
1 0.5213854166666666 0.282234375 0.17856249999999999 0.21378124999999998
1 0.6400729166666667 0.2883671875 0.16922916666666668 0.21014062500000003
1 0.7536354166666667 0.27346875 0.17335416666666664 0.2396875
1 0.9336770833333332 0.28267968750000005 0.13239583333333332 0.228203125
1 0.41939583333333336 0.291609375 0.19020833333333334 0.22912499999999997
1 0.6806875 0.706640625 0.24754166666666666 0.12
1 0.16773958333333333 0.8300546875 0.20677083333333332 0.092859375
1 0.5 0.5 0.9958333333333333 0.996875
