0 0.1966796875 0.5015456674473068 0.020140625000000002 0.044402810304449654
0 0.2137734375 0.5031967213114754 0.015921875 0.053372365339578454
0 0.24049218749999998 0.4063700234192037 0.029015625 0.04309133489461358
0 0.21698437499999995 0.40422716627634664 0.027187499999999996 0.04344262295081967
0 0.194375 0.4077868852459016 0.02584375 0.04878220140515222
0 0.28460156249999996 0.4101756440281031 0.019078125 0.04269320843091335
0 0.2669765625 0.413384074941452 0.025359375 0.03861826697892271
0 0.3221640625 0.4321779859484778 0.017484375 0.02819672131147541
0 0.359046875 0.40905152224824354 0.0231875 0.03323185011709602
0 0.4019453125 0.4117330210772834 0.016671875 0.04304449648711944
0 0.39817187499999995 0.5055386416861827 0.01634375 0.04442622950819672
0 0.36428906250000004 0.5011241217798595 0.020671875 0.03962529274004684
0 0.6462734375 0.41001170960187355 0.019640625000000002 0.037587822014051524
0 0.59140625 0.4637002341920375 0.8140625 0.1592505854800937
