0 0.19836 0.5065 0.03005333333333333 0.03384
0 0.14046666666666668 0.58212 0.03645333333333333 0.04324
0 0.22754666666666667 0.69414 0.03333333333333333 0.04596
0 0.28208 0.57267 0.06208 0.02274
0 0.24546666666666667 0.60727 0.042506666666666665 0.02442
0 0.2540266666666667 0.58825 0.07973333333333332 0.03058
0 0.20241333333333333 0.5962 0.0636 0.0526
0 0.15946666666666665 0.5814300000000001 0.03333333333333333 0.047939999999999997
0 0.21866666666666668 0.4998 0.0424 0.040159999999999994
0 0.29314666666666667 0.58953 0.03861333333333333 0.01778
