1 0.2338515625 0.49663888888888885 0.46517187499999996 0.9842777777777777
1 0.6046406249999999 0.2625972222222222 0.1230625 0.21425
1 0.5465078125 0.2464861111111111 0.08657812499999999 0.1931388888888889
1 0.49521875 0.23229166666666667 0.09159375 0.19525
1 0.6408359375 0.2470138888888889 0.047296875 0.20469444444444443
1 0.7417109375 0.23481944444444444 0.084109375 0.18591666666666667
1 0.7320625 0.7542638888888888 0.3404375 0.49147222222222225
1 0.4353671875 0.7701805555555555 0.303890625 0.4596388888888889
1 0.536796875 0.5639444444444445 0.074875 0.264
1 0.7169765625 0.43054166666666666 0.325609375 0.5734166666666667
1 0.7068515625 0.4501111111111111 0.052265625 0.14183333333333334
1 0.9253203124999999 0.4917916666666666 0.14935937500000002 0.23752777777777778
1 0.9120234374999999 0.7350833333333333 0.175953125 0.3658333333333333
