1 0.1708515625 0.6363229166666666 0.224078125 0.34647916666666667
1 0.36734374999999997 0.6145729166666667 0.14715625000000002 0.20431249999999998
1 0.34346875 0.5578854166666667 0.20725 0.2922291666666667
1 0.7064765625 0.5214791666666667 0.12357812500000001 0.15625
1 0.8344374999999999 0.48945833333333333 0.15478125 0.28725
1 0.85740625 0.5629375 0.1113125 0.170375
1 0.4986484375 0.4925104166666667 0.097234375 0.11914583333333333
1 0.483890625 0.5942395833333334 0.07796875 0.1929375
1 0.6412109375 0.5938125 0.127515625 0.19441666666666665
1 0.717859375 0.6494583333333332 0.1548125 0.11441666666666667
