1 0.604609375 0.72196875 0.10253125 0.16085416666666666
1 0.4461015625 0.7378541666666667 0.05298437499999999 0.16845833333333332
1 0.867546875 0.4661041666666667 0.07259375 0.07012499999999999
1 0.8952109375000001 0.86571875 0.070640625 0.1256875
1 0.8227265625 0.6539166666666667 0.065359375 0.10495833333333333
1 0.8575468749999999 0.715125 0.072 0.07200000000000001
1 0.656015625 0.9401875 0.07384375 0.11962500000000001
1 0.2248046875 0.48225 0.065734375 0.10516666666666666
1 0.3365 0.47108333333333335 0.045406249999999995 0.07333333333333333
1 0.8415546875000001 0.2664375 0.06364062499999999 0.11566666666666667
1 0.9138671875 0.4719166666666667 0.056359375 0.08320833333333333
1 0.9341875 0.2522604166666667 0.041875 0.08377083333333334
1 0.67628125 0.8747708333333333 0.09403125 0.21775
1 0.44765625 0.53125 0.6734375 0.625
