1 0.48427 0.5493999999999999 0.9494199999999999 0.5043466666666666
1 0.08258000000000001 0.7824533333333333 0.1618 0.3797866666666666
1 0.48796000000000006 0.7022533333333334 0.19347999999999999 0.34098666666666666
1 0.26977999999999996 0.7585466666666666 0.1772 0.3460533333333334
1 0.18003 0.6081733333333333 0.11706 0.3099466666666667
1 0.67242 0.6684666666666667 0.2112 0.33671999999999996
1 0.47964999999999997 0.36130666666666666 0.23566 0.28762666666666664
1 0.67937 0.48992 0.18718 0.20832
1 0.8234100000000001 0.31139999999999995 0.29738 0.49853333333333333
1 0.29935 0.6719733333333333 0.29318 0.46656000000000003
1 0.62899 0.3352266666666667 0.16898 0.28986666666666666
