1 0.7653854166666666 0.22471093749999999 0.16443750000000001 0.103265625
1 0.56053125 0.85515625 0.24827083333333333 0.2605
1 0.4063333333333334 0.7750546875000001 0.15345833333333334 0.227109375
1 0.292 0.7215078125 0.158 0.193734375
1 0.6203854166666667 0.37185156249999995 0.11814583333333334 0.10735937499999999
1 0.5258958333333333 0.36030468749999994 0.122125 0.120171875
1 0.7268645833333333 0.352578125 0.15022916666666666 0.135375
1 0.75303125 0.3210234375 0.13327083333333334 0.134265625
1 0.7572083333333333 0.2559296875 0.06225 0.033859375000000004
1 0.7411979166666668 0.9223359375 0.13147916666666667 0.155078125
