1 0.858551401869159 0.28540625000000003 0.1497196261682243 0.10406249999999999
1 0.8753504672897197 0.17078906249999998 0.19154205607476638 0.112359375
1 0.5998130841121496 0.14718749999999997 0.1780841121495327 0.12359374999999999
1 0.851109813084112 0.6375703125000001 0.15100467289719624 0.10098437499999999
1 0.6148714953271028 0.64890625 0.15717289719626168 0.112625
1 0.598107476635514 0.26951562500000004 0.1727102803738318 0.1318125
1 0.14318925233644858 0.8005234375000001 0.2330607476635514 0.155296875
1 0.2675584112149532 0.75975 0.1700233644859813 0.1213125
1 0.36570093457943925 0.7307421875 0.1614018691588785 0.104078125
1 0.8486565420560748 0.40114062500000003 0.16792056074766357 0.10921875
1 0.2952803738317757 0.5920390624999999 0.11626168224299065 0.12345312500000001
1 0.855677570093458 0.51809375 0.16411214953271028 0.1028125
1 0.6202219626168224 0.3977265625 0.1633411214953271 0.11651562499999998
1 0.46261682242990654 0.45625 0.9252336448598131 0.73125
