1 0.7041666666666667 0.5015625 0.22083333333333333 0.190625
1 0.2864583333333333 0.53984375 0.21666666666666667 0.18125
1 0.7375208333333333 0.6560703125 0.21225 0.164765625
1 0.5875416666666666 0.1974140625 0.12675 0.157890625
1 0.30293749999999997 0.20610937499999998 0.15695833333333334 0.1331875
1 0.639875 0.3433125 0.16725 0.148125
1 0.43073958333333334 0.19190625 0.07689583333333333 0.05443750000000001
1 0.5092708333333333 0.29605468749999997 0.056374999999999995 0.038296875
1 0.30564583333333334 0.31815625000000003 0.22716666666666668 0.196625
1 0.45642708333333337 0.28819531249999997 0.052437500000000005 0.043953124999999996
1 0.48959375 0.4861328125 0.07122916666666666 0.049890625
1 0.48112499999999997 0.24028906249999998 0.14066666666666666 0.079578125
1 0.32715625 0.670921875 0.2582291666666667 0.22400000000000003
1 0.10395833333333333 0.3151875 0.20608333333333334 0.28003125
1 0.6302083333333334 0.37890625 0.7354166666666667 0.7578125
