0 0.5614140625 0.629625 0.050828125 0.0235
0 0.5736953125 0.5801875 0.048390625 0.05120833333333333
0 0.6264765625 0.58771875 0.068203125 0.0240625
0 0.4359375 0.5758333333333333 0.0303125 0.06041666666666667
0 0.454078125 0.6188333333333333 0.03478125 0.027291666666666665
0 0.5290625 0.66575 0.03525 0.03729166666666666
0 0.5002187499999999 0.6761562499999999 0.07390624999999999 0.049854166666666665
0 0.5274687499999999 0.6390729166666667 0.0418125 0.03289583333333333
0 0.674109375 0.6099374999999999 0.09103125 0.027625
0 0.588140625 0.6257395833333332 0.044187500000000005 0.02822916666666667
0 0.5000390625000001 0.6352395833333334 0.035671875 0.0340625
