1 0.5328828125 0.8120892018779344 0.23810937499999998 0.1560093896713615
1 0.5818593750000001 0.6539319248826291 0.11965624999999999 0.21124413145539905
1 0.5531328125 0.5767488262910798 0.058828124999999995 0.11992957746478874
1 0.636609375 0.576537558685446 0.11615625 0.2402112676056338
1 0.8660546874999999 0.5970892018779342 0.138015625 0.15112676056338026
1 0.44815625 0.7034859154929578 0.12725 0.23528169014084507
1 0.35788281250000004 0.8928403755868545 0.19242187500000002 0.18150234741784035
1 0.83121875 0.6389906103286385 0.10787500000000001 0.12478873239436619
1 0.9574609374999999 0.7863380281690141 0.084859375 0.32173708920187793
1 0.48986718749999997 0.9309741784037558 0.306640625 0.1361737089201878
1 0.5919609375 0.5262793427230047 0.036359375 0.05561032863849766
1 0.8391328125000002 0.5186737089201878 0.087703125 0.05443661971830986
1 0.53996875 0.6439788732394366 0.06696875 0.08706572769953053
1 0.2171875 0.7676056338028169 0.215625 0.4507042253521127
