1 0.24624000000000001 0.521906906906907 0.16728 0.4600900900900901
1 0.35747999999999996 0.5469369369369369 0.0324 0.08408408408408409
1 0.91727 0.6296846846846846 0.038740000000000004 0.0745045045045045
1 0.89148 0.5978978978978979 0.02532 0.03735735735735735
1 0.326 0.5506306306306307 0.03512 0.08162162162162162
1 0.14898 0.6067567567567567 0.05348 0.05147147147147147
1 0.20944 0.6194744744744745 0.039 0.07234234234234234
1 0.40895 0.5504654654654655 0.03362 0.0782882882882883
1 0.23742000000000002 0.621966966966967 0.03716 0.050600600600600606
1 0.19635 0.579984984984985 0.05006 0.07552552552552552
1 0.70432 0.6369519519519519 0.02028 0.038528528528528526
1 0.14334 0.5677627627627627 0.0886 0.05198198198198198
1 0.11403 0.5848648648648649 0.0345 0.0842042042042042
1 0.641 0.6351351351351351 0.61 0.4174174174174174
