1 0.2929683377308707 0.29874551971326163 0.0745910290237467 0.22903225806451613
1 0.36278364116094985 0.30949820788530463 0.09781002638522428 0.24487455197132615
1 0.6421899736147758 0.7172043010752688 0.15583113456464381 0.22910394265232975
1 0.520910290237467 0.301236559139785 0.11949868073878628 0.25014336917562724
1 0.6489445910290238 0.22025089605734768 0.06427440633245382 0.11870967741935483
1 0.7088522427440634 0.24763440860215055 0.06783641160949869 0.18200716845878137
1 0.7808179419525066 0.23304659498207883 0.08934036939313984 0.17978494623655913
1 0.818509234828496 0.36768817204301074 0.16525065963060687 0.26154121863799284
1 0.22658311345646437 0.29491039426523297 0.11047493403693931 0.20874551971326166
1 0.11158311345646438 0.2800716845878136 0.08949868073878628 0.21727598566308243
1 0.17 0.3041397849462365 0.09298153034300792 0.2347311827956989
1 0.7646174142480212 0.7094623655913979 0.1195778364116095 0.22767025089605736
1 0.8583641160949868 0.7248566308243728 0.12068601583113457 0.16168458781362008
1 0.5382585751978892 0.6272401433691757 0.6068601583113457 0.7383512544802867
