1 0.75395 0.48946587537091985 0.1347 0.2310385756676558
1 0.89513 0.4876409495548962 0.12722 0.22471810089020772
1 0.47331 0.7202225519287834 0.12874000000000002 0.23593471810089023
1 0.56141 0.7355489614243323 0.1279 0.2836795252225519
1 0.36182 0.2742136498516321 0.05904 0.12302670623145401
1 0.60634 0.5743323442136499 0.1052 0.3141839762611276
1 0.34295 0.3111424332344213 0.08178 0.13682492581602373
1 0.12754000000000001 0.7564836795252226 0.04496 0.09836795252225519
1 0.21011 0.7551780415430267 0.08014 0.14359050445103858
1 0.29736 0.2901186943620178 0.09487999999999999 0.21560830860534125
1 0.70902 0.8510237388724036 0.03172 0.05682492581602373
