1 0.6870156250000001 0.5820208333333333 0.27546875000000004 0.43954166666666666
1 0.2724375 0.25245833333333334 0.10124999999999999 0.17858333333333334
1 0.149265625 0.5647708333333334 0.22940624999999998 0.2970416666666667
1 0.43023437500000006 0.16968750000000002 0.10684374999999999 0.075375
1 0.48540625000000004 0.28751041666666666 0.2008125 0.2375625
1 0.37166406249999995 0.4426875 0.15042187499999998 0.207125
1 0.81821875 0.2874791666666667 0.18562499999999998 0.1709166666666667
1 0.5799609375 0.14792708333333332 0.130421875 0.09456250000000001
1 0.7651640625 0.22384374999999998 0.181203125 0.26197916666666665
1 0.899078125 0.59515625 0.16678125 0.3624375
1 0.6220546875 0.299875 0.186640625 0.23245833333333332
1 0.37589062500000003 0.26934375 0.11940625 0.17110416666666667
1 0.5104218749999999 0.6577395833333333 0.12621875 0.20131249999999998
1 0.66015625 0.4239583333333333 0.6609375 0.46041666666666664
