0 0.8667352185089974 0.10596874999999999 0.04344473007712082 0.097875
0 0.8950385604113111 0.12665625 0.047814910025706946 0.072625
0 0.9174935732647814 0.06118749999999999 0.165012853470437 0.11953125
0 0.6955398457583547 0.062335937499999994 0.13627249357326476 0.07535937499999999
0 0.6662210796915168 0.11319531249999999 0.1726478149100257 0.081203125
0 0.4678149100257069 0.0710625 0.08483290488431877 0.07846875
0 0.4249100257069409 0.061390625 0.05393316195372751 0.06937499999999999
0 0.8215295629820051 0.1122578125 0.05632390745501285 0.108640625
0 0.1604370179948586 0.10596093749999999 0.16827763496143958 0.118265625
0 0.4094344473007712 0.0450078125 0.038817480719794344 0.033140625
0 0.44938303341902314 0.14815625000000002 0.08688946015424164 0.0834375
0 0.7827634961439589 0.018484375 0.11498714652956298 0.036125000000000004
0 0.6227249357326479 0.043640625 0.15938303341902313 0.08728125
0 0.525706940874036 0.1015625 0.9177377892030848 0.1875
