0 0.0962890625 0.6385104166666667 0.081078125 0.1734375
0 0.4613984374999999 0.31669791666666663 0.08367187499999999 0.07818750000000001
0 0.6825859375000001 0.11314583333333333 0.026078125 0.05616666666666667
0 0.627484375 0.12010416666666668 0.0399375 0.061375
0 0.6495234375 0.12714583333333335 0.021734375 0.060000000000000005
0 0.6632890625 0.12213541666666666 0.024046875000000002 0.0914375
0 0.9602265625000002 0.9094791666666667 0.07954687499999999 0.10487500000000001
0 0.5188046875 0.7512291666666666 0.05923437499999999 0.08729166666666667
0 0.7173515625 0.7574166666666666 0.115484375 0.07054166666666667
0 0.6403359375 0.13956249999999998 0.030828125 0.06141666666666667
0 0.555765625 0.7547395833333332 0.041875 0.08372916666666666
