0 0.51075 0.4865333333333333 0.02234 0.0472
0 0.53728 0.48924 0.036719999999999996 0.050159999999999996
0 0.55836 0.4898 0.02152 0.046106666666666664
0 0.57394 0.4928533333333333 0.0332 0.04682666666666666
0 0.6222799999999999 0.4974266666666667 0.02044 0.046053333333333335
0 0.71131 0.49516 0.0341 0.04887999999999999
0 0.7331599999999999 0.49989333333333336 0.015560000000000001 0.05210666666666666
0 0.48319 0.4893733333333334 0.03678 0.05229333333333333
0 0.75751 0.49829333333333337 0.0115 0.049813333333333334
0 0.59311 0.49057333333333336 0.0405 0.05261333333333333
0 0.63857 0.49860000000000004 0.026019999999999998 0.05042666666666667
0 0.67974 0.50124 0.026600000000000002 0.05346666666666667
0 0.66116 0.4986933333333333 0.02832 0.04501333333333333
0 0.515 0.512 0.39 0.08533333333333333
