1 0.24600781249999998 0.5248757763975155 0.33595312499999996 0.46598343685300203
1 0.496875 0.6899585921325052 0.259375 0.386128364389234
1 0.7071562499999999 0.4937370600414079 0.12971875 0.28921325051759833
1 0.78953125 0.6970703933747412 0.23965625 0.4955072463768116
1 0.5450546875 0.12027950310559006 0.11079687499999999 0.23989648033126296
1 0.3765234375 0.407815734989648 0.166390625 0.2713250517598344
1 0.348828125 0.12130434782608697 0.0955 0.23345755693581782
1 0.9444765624999999 0.38241200828157346 0.11104687499999999 0.2606832298136646
1 0.09210937500000001 0.2955383022774327 0.17740625000000002 0.3450310559006211
1 0.029617187499999996 0.14768115942028986 0.05923437499999999 0.24149068322981368
