1 0.8081171875 0.6505620608899296 0.365828125 0.662903981264637
1 0.640953125 0.4209718969555035 0.19340625 0.48316159250585483
1 0.42869531250000004 0.22960187353629974 0.164203125 0.12899297423887587
1 0.5206796875 0.6452693208430913 0.259953125 0.6824355971896955
1 0.30980468749999995 0.5436065573770492 0.208734375 0.6200468384074941
1 0.18550781249999998 0.4593911007025761 0.13482812500000002 0.5149414519906323
1 0.17778906249999998 0.13770491803278687 0.096578125 0.18
1 0.42302343750000004 0.1295784543325527 0.093078125 0.06679156908665106
1 0.077453125 0.428056206088993 0.15490625 0.48473067915690865
1 0.898578125 0.5909133489461358 0.20284375 0.7870257611241218
1 0.300296875 0.17814988290398126 0.09640625 0.11672131147540984
1 0.9376015625 0.19704918032786886 0.124796875 0.11484777517564403
1 0.7456875000000001 0.22071428571428572 0.16065625 0.20461358313817332
1 0.5 0.5058548009367682 0.996875 0.9836065573770492
