0 0.914828125 0.24873958333333335 0.08399999999999999 0.09152083333333333
0 0.2818515625 0.13289583333333332 0.037390625 0.13083333333333333
0 0.7255234374999999 0.09721874999999999 0.052953125000000004 0.07685416666666667
0 0.71034375 0.15240625 0.100625 0.12085416666666667
0 0.624296875 0.0816875 0.13309375 0.15212499999999998
0 0.5640390624999999 0.09393750000000001 0.129171875 0.187
0 0.3096640625 0.10535416666666667 0.044640625 0.108125
0 0.1373125 0.1820520833333333 0.04265625 0.10422916666666666
0 0.0553359375 0.19618750000000001 0.035171875000000005 0.08058333333333333
0 0.23996875 0.13083333333333333 0.0438125 0.121125
0 0.624578125 0.17383333333333334 0.03415625 0.04554166666666667
0 0.884140625 0.22346875 0.057374999999999995 0.07652083333333333
0 0.7965078125 0.1739375 0.06526562500000001 0.11641666666666667
0 0.40546875 0.171875 0.8078125 0.26458333333333334
