0 0.6481640625 0.5698816568047338 0.093046875 0.3508284023668639
0 0.4730546875 0.36727810650887577 0.07132812499999999 0.13970414201183431
0 0.45603125 0.6391124260355029 0.0765 0.14301775147928994
0 0.5080625 0.7454585798816569 0.082875 0.198905325443787
0 0.4103671875 0.8529733727810649 0.076546875 0.09186390532544379
0 0.62403125 0.4445710059171597 0.55303125 0.5377218934911243
0 0.49517187500000004 0.4980177514792899 0.074375 0.13319526627218936
0 0.633609375 0.36418639053254437 0.0388125 0.0813905325443787
0 0.3918984375 0.7879733727810652 0.074921875 0.04133136094674556
0 0.35124218749999997 0.7432988165680474 0.050109375 0.09624260355029586
