1 0.39235937499999995 0.41919287211740036 0.11409375 0.4511320754716981
1 0.5313515625 0.3409329140461216 0.073921875 0.2950314465408805
1 0.2428203125 0.47045073375262053 0.058140625 0.1390566037735849
1 0.191234375 0.4734381551362683 0.0686875 0.2027253668763103
1 0.055820312500000004 0.5157337526205451 0.11164062500000001 0.24433962264150944
1 0.978328125 0.5390775681341718 0.04334375 0.0880083857442348
1 0.9749062499999999 0.6636897274633123 0.050187499999999996 0.1658700209643606
1 0.8583437500000001 0.8035429769392034 0.120875 0.1339203354297694
1 0.23205468749999997 0.8530712788259958 0.23167187500000003 0.29385744234800837
1 0.5393046875 0.8307442348008386 0.186859375 0.3385115303983228
1 0.06528125 0.6513312368972747 0.1305625 0.31746331236897274
1 0.1500234375 0.5690775681341719 0.110234375 0.27257861635220126
1 0.0374765625 0.6502830188679245 0.074953125 0.1422012578616352
