0 0.909171875 0.7866875 0.07062500000000001 0.031125
0 0.172578125 0.5301041666666666 0.0288125 0.03491666666666667
0 0.904234375 0.8025104166666667 0.04990625 0.029187499999999998
0 0.169359375 0.5356145833333333 0.0196875 0.028645833333333332
0 0.9054375 0.5952500000000001 0.09228125000000001 0.09495833333333333
0 0.20060937499999998 0.5311041666666667 0.01340625 0.021958333333333333
0 0.16190624999999997 0.5082708333333333 0.03678125 0.03758333333333333
0 0.676625 0.5731875 0.014656250000000001 0.022833333333333334
0 0.87225 0.8059375000000001 0.012968750000000001 0.024666666666666667
0 0.9013203125 0.7642708333333333 0.077171875 0.04420833333333333
0 0.8906953125000001 0.8343541666666667 0.037359375 0.017875
0 0.18584375 0.5099270833333334 0.02315625 0.0154375
0 0.902109375 0.8175833333333333 0.038375 0.019208333333333334
