1 0.09659375 0.7948117647058822 0.18628125 0.2857176470588235
1 0.24614843749999998 0.7459882352941177 0.195953125 0.28265882352941174
1 0.3899609375 0.3138 0.257671875 0.4505176470588235
1 0.689515625 0.3874588235294118 0.12253125000000001 0.2948705882352941
1 0.8461171875 0.31196470588235287 0.182203125 0.24124705882352943
1 0.38396875 0.6471529411764705 0.18178125 0.17134117647058822
1 0.6293359374999999 0.6303176470588235 0.178921875 0.2840235294117647
1 0.7429765625 0.5724352941176472 0.11920312500000001 0.15771764705882355
1 0.84853125 0.5005176470588235 0.24209375 0.3725176470588235
1 0.5106171875 0.6782 0.16123437499999999 0.2611058823529412
1 0.1695234375 0.4317529411764706 0.055859375 0.14021176470588237
1 0.260453125 0.37272941176470586 0.1035 0.1740235294117647
1 0.0771953125 0.5346705882352941 0.153390625 0.2666117647058824
1 0.5 0.4223529411764706 0.996875 0.8070588235294117
