0 0.397421875 0.42592948717948714 0.0371875 0.09
0 0.536453125 0.38451121794871795 0.09684374999999999 0.11296474358974358
0 0.6323515625 0.3729326923076923 0.079828125 0.043878205128205124
0 0.6875312499999999 0.38301282051282054 0.03046875 0.07240384615384615
0 0.7154921875 0.41299679487179486 0.034953125 0.028685897435897435
0 0.7880703125 0.3851121794871795 0.07257812500000001 0.07330128205128206
0 0.8550546875 0.3877083333333333 0.057640625 0.06592948717948718
0 0.8980234375 0.45790064102564104 0.089109375 0.06647435897435897
0 0.7868984375 0.45840544871794875 0.048046875 0.052259615384615384
0 0.51515625 0.4517948717948718 0.138125 0.1051923076923077
0 0.4310703125 0.4401282051282051 0.034796875 0.08028846153846154
0 0.3717890625 0.4337259615384615 0.037671875 0.10084935897435897
0 0.3977109375 0.4583733974358974 0.063296875 0.09216346153846154
