1 0.7307217573221757 0.6231015625 0.16633891213389124 0.105453125
1 0.726621338912134 0.7943828125000001 0.1052928870292887 0.123609375
1 0.6142573221757323 0.5689296875 0.1771757322175732 0.093046875
1 0.3449267782426778 0.5614609375 0.15311715481171548 0.12823437499999998
1 0.4457740585774058 0.3411171875 0.12585774058577406 0.139078125
1 0.3561192468619247 0.47667187499999997 0.15294979079497908 0.09996875
1 0.6188807531380753 0.24811718750000003 0.21278242677824266 0.203578125
1 0.28222803347280334 0.505625 0.12416317991631799 0.11815625
1 0.5560251046025105 0.4002890625 0.15405857740585774 0.110359375
1 0.6439225941422593 0.4258125 0.15282426778242678 0.09546875
1 0.5981380753138076 0.6751875 0.09962343096234309 0.11940625
1 0.4339958158995816 0.7425625 0.14200836820083682 0.13909375
1 0.42645397489539744 0.6181953124999999 0.16077405857740584 0.139484375
1 0.49476987447698745 0.453125 0.9644351464435147 0.759375
