1 0.6805312499999999 0.6731796875 0.2888958333333333 0.236078125
1 0.6823020833333333 0.54990625 0.1548125 0.11971875000000001
1 0.8428645833333335 0.8453046875 0.16785416666666667 0.260890625
1 0.8089166666666666 0.310984375 0.06408333333333334 0.05221875
1 0.8024270833333332 0.2270546875 0.059479166666666666 0.054296875
1 0.69275 0.3932734375 0.07966666666666668 0.075328125
1 0.6993958333333334 0.23539062500000002 0.06891666666666667 0.0465
1 0.41742708333333334 0.733421875 0.07197916666666666 0.0553125
1 0.5858333333333333 0.886890625 0.211125 0.21581250000000002
1 0.47459375000000004 0.7283515625 0.13110416666666666 0.106328125
1 0.24253124999999998 0.7260546874999999 0.1070625 0.091296875
1 0.2903958333333333 0.618671875 0.08558333333333333 0.07578125
1 0.22869791666666664 0.6636484375 0.1026875 0.098078125
1 0.559375 0.6015625 0.5604166666666667 0.625
