1 0.31215625 0.4400625 0.16165625 0.156875
1 0.787640625 0.5071666666666667 0.16796875 0.3232916666666667
1 0.4235078124999999 0.4120416666666667 0.129390625 0.2637083333333333
1 0.5689609375 0.42720833333333336 0.26492187500000003 0.30104166666666665
1 0.1430859375 0.6352187499999999 0.286171875 0.5346458333333334
1 0.5919687499999999 0.7183020833333333 0.3500625 0.4452291666666667
1 0.34039843750000004 0.7712083333333334 0.297828125 0.4575833333333333
1 0.6658671875 0.40658333333333335 0.133671875 0.23741666666666666
1 0.9118437499999998 0.41027083333333336 0.1036875 0.199375
1 0.48740625 0.22403125 0.1605625 0.17981250000000001
1 0.6331171875 0.15191666666666667 0.114265625 0.2920416666666667
