1 0.441015625 0.814472049689441 0.15975 0.35225672877846786
1 0.8717109375 0.8651656314699793 0.166203125 0.2651552795031056
1 0.4221640625 0.5186542443064182 0.07520312500000001 0.10277432712215322
1 0.5170078124999999 0.4852070393374741 0.131859375 0.17654244306418218
1 0.5988828125 0.5249068322981366 0.046328125 0.10799171842650103
1 0.46842187499999993 0.36001035196687375 0.06721875000000001 0.08809523809523809
1 0.61003125 0.4280952380952381 0.10325 0.14132505175983437
1 0.0683828125 0.54148033126294 0.028296875 0.056749482401656316
1 0.10014062500000001 0.5459006211180124 0.04290625 0.06616977225672878
1 0.621734375 0.8072981366459626 0.08603125 0.13211180124223604
1 0.290578125 0.4931884057971015 0.028749999999999998 0.0786335403726708
