0 0.9257882352941176 0.7538125 0.14672941176470589 0.08325
0 0.7571176470588236 0.7744296875 0.21051764705882353 0.127609375
0 0.6904941176470588 0.624328125 0.14301176470588237 0.057874999999999996
0 0.5170705882352941 0.66928125 0.08496470588235294 0.07334375
0 0.9238000000000001 0.8205937500000001 0.15239999999999998 0.05646875
0 0.6149294117647058 0.676046875 0.106 0.033187499999999995
0 0.7943647058823529 0.6867812499999999 0.21098823529411764 0.11096874999999999
0 0.9453529411764706 0.79925 0.10929411764705883 0.021281249999999998
0 0.4917882352941177 0.6047265625 0.1424470588235294 0.049546875000000004
0 0.7109764705882353 0.6869453125 0.0908470588235294 0.044671875
0 0.6186941176470588 0.69121875 0.13145882352941177 0.0296875
0 0.6238235294117647 0.6821328125 0.13569411764705883 0.080140625
0 0.7 0.70859375 0.5952941176470589 0.2453125
