0 0.52216 0.15575999999999998 0.11264 0.14208
0 0.1323 0.6337066666666666 0.26124 0.21573333333333336
0 0.32275 0.27584 0.28146 0.3797866666666666
0 0.4248 0.6144133333333334 0.03536 0.12994666666666665
0 0.56439 0.4229333333333334 0.17038 0.15360000000000001
0 0.44718 0.5817866666666667 0.14084 0.19232000000000002
0 0.06795 0.14228000000000002 0.10906 0.19016
0 0.17949 0.5674133333333333 0.35898 0.5730133333333334
0 0.67503 0.47672000000000003 0.10278 0.1568
0 0.39349 0.2121066666666667 0.14798 0.14352
0 0.3211 0.49428 0.13124 0.10605333333333335
0 0.5703400000000001 0.30806666666666666 0.16728 0.11202666666666666
0 0.08067 0.19302666666666668 0.16134 0.37432
0 0.387 0.568 0.774 0.8373333333333334
