0 0.55699 0.28295180722891566 0.05282 0.06681927710843373
0 0.5628599999999999 0.23774698795180724 0.0676 0.05737349397590361
0 0.5555800000000001 0.3179397590361446 0.07740000000000001 0.12228915662650602
0 0.6274400000000001 0.28434939759036143 0.05188 0.05173493975903614
0 0.66235 0.27865060240963857 0.047380000000000005 0.046987951807228916
0 0.65627 0.3140963855421687 0.04106 0.03908433734939759
0 0.57287 0.2682771084337349 0.04286 0.023734939759036143
0 0.65884 0.28332530120481925 0.0464 0.04915662650602409
0 0.63547 0.3195903614457831 0.027059999999999997 0.028530120481927712
0 0.6029200000000001 0.3040481927710843 0.08564 0.12057831325301205
