1 0.18143 0.6195466666666666 0.1625 0.20170666666666667
1 0.35306 0.5470133333333334 0.13652 0.14037333333333332
1 0.48073 0.6185733333333333 0.14786000000000002 0.21373333333333336
1 0.60788 0.6416133333333334 0.10864 0.24861333333333335
1 0.48131999999999997 0.7017066666666666 0.13252 0.11120000000000001
1 0.6607 0.6332533333333333 0.0718 0.07562666666666666
1 0.67592 0.7137866666666667 0.16952 0.11488
1 0.7315699999999999 0.6517333333333333 0.1041 0.19290666666666667
1 0.4953 0.35488 0.185 0.3523733333333333
1 0.60276 0.71784 0.0644 0.05808
1 0.36329999999999996 0.6444666666666667 0.10304 0.09944
1 0.28787 0.6588133333333334 0.056979999999999996 0.09069333333333333
