0 0.4998046875 0.7051041666666668 0.45923437500000003 0.5856250000000001
0 0.7989765624999999 0.42712500000000003 0.064734375 0.10333333333333333
0 0.5914375 0.66978125 0.044 0.1471875
0 0.6411953125 0.16351041666666666 0.019609375000000002 0.0568125
0 0.7933515625 0.30525 0.178203125 0.17908333333333332
0 0.492 0.23925000000000002 0.05371875 0.06479166666666666
0 0.47613281250000006 0.19318749999999998 0.046484375 0.09254166666666667
0 0.6494296875 0.19267708333333333 0.013703125 0.07531249999999999
0 0.678515625 0.17775 0.064375 0.1465
0 0.6079609375 0.1719375 0.023609375 0.08116666666666666
0 0.6184062499999999 0.1960625 0.02678125 0.07729166666666668
0 0.50515625 0.17064583333333333 0.049062499999999995 0.09479166666666666
0 0.542375 0.17284375000000002 0.062468749999999997 0.1638125
0 0.73984375 0.31145833333333334 0.5171875 0.5020833333333333
