0 0.49324218750000004 0.1589695550351288 0.061109375 0.13629976580796255
0 0.433296875 0.15505854800936766 0.06596874999999999 0.12135831381733021
0 0.696359375 0.16132318501170959 0.061343749999999996 0.13004683840749415
0 0.3567890625 0.1527166276346604 0.051546875000000006 0.08608899297423887
0 0.6296015625 0.16916861826697893 0.076921875 0.13988290398126463
0 0.21896875 0.16257611241217798 0.08353125 0.13498829039812646
0 0.2776953125 0.15432084309133492 0.09326562499999999 0.13023419203747072
0 0.3658125 0.16393442622950818 0.06859375 0.12824355971896956
0 0.56021875 0.14692037470725997 0.07921875 0.14250585480093678
0 0.75409375 0.1566744730679157 0.0673125 0.11770491803278688
0 0.8469296875 0.16467213114754098 0.088078125 0.14522248243559718
0 0.965234375 0.1630679156908665 0.058562499999999997 0.13391100702576111
0 0.93984375 0.16393442622950818 0.1171875 0.13114754098360656
