0 0.15017708333333332 0.25764062499999996 0.22197916666666667 0.13665624999999998
0 0.2603020833333333 0.3653984375 0.1300625 0.080453125
0 0.5228958333333333 0.7076796875 0.25654166666666667 0.24767187499999999
0 0.25645833333333334 0.6408125 0.2905833333333333 0.17940625
0 0.73421875 0.28396093749999995 0.1100625 0.128046875
0 0.76275 0.5670390624999999 0.410375 0.196734375
0 0.1875 0.4672734375 0.24066666666666667 0.156703125
0 0.5554270833333333 0.494046875 0.09006249999999999 0.10509375000000001
0 0.2898020833333333 0.48952343750000005 0.26110416666666664 0.179515625
0 0.7584479166666667 0.7584453125 0.27706250000000004 0.301296875
0 0.38638541666666665 0.378421875 0.23910416666666665 0.1363125
0 0.9103854166666667 0.8233828125 0.17922916666666666 0.254546875
0 0.3971458333333333 0.293109375 0.2708333333333333 0.11884375
0 0.5 0.50859375 0.9958333333333333 0.5265625
