1 0.19141666666666665 0.6435546875 0.22825 0.285015625
1 0.4561041666666667 0.6071640625 0.04629166666666666 0.042234375000000005
1 0.5264687499999999 0.6831328125 0.04472916666666667 0.047109374999999995
1 0.5052291666666666 0.6723515625 0.03895833333333333 0.033609375000000004
1 0.41282291666666665 0.5913203125000001 0.06760416666666667 0.047578125
1 0.45851041666666664 0.69246875 0.0313125 0.0295
1 0.45928125000000003 0.6625078125 0.03710416666666667 0.033296875
1 0.44490625 0.648109375 0.0296875 0.02403125
1 0.4704895833333333 0.6509609375 0.021020833333333332 0.035234375
1 0.44886458333333334 0.6908749999999999 0.0275625 0.0315
1 0.4356875 0.666984375 0.026833333333333334 0.029875000000000002
1 0.39417708333333334 0.6815703125 0.022270833333333333 0.021859375
