1 0.22050666666666666 0.73105 0.23168 0.5093799999999999
1 0.09369333333333332 0.42428 0.18167999999999998 0.30292
1 0.46364 0.43236 0.22733333333333333 0.34396
1 0.7 0.47820999999999997 0.30096 0.3635
1 0.8952266666666667 0.5560900000000001 0.20954666666666666 0.39622
1 0.15374666666666667 0.41247 0.11672 0.1427
1 0.6909733333333333 0.54983 0.09874666666666666 0.09954
1 0.11030666666666668 0.22532 0.17970666666666668 0.18431999999999998
1 0.031373333333333336 0.35378 0.06274666666666667 0.35036
1 0.28601333333333334 0.40244 0.20168 0.3462
