1 0.17776562499999998 0.48439252336448596 0.22453125 0.37771028037383175
1 0.349046875 0.34189252336448595 0.23053125 0.3867757009345794
1 0.2651484375 0.692838785046729 0.198515625 0.2497429906542056
1 0.4242109375 0.7837383177570093 0.21364062499999997 0.34635514018691593
1 0.590609375 0.6179789719626169 0.198375 0.2067523364485981
1 0.730453125 0.5661214953271029 0.14865625 0.39742990654205607
1 0.8237578124999999 0.38684579439252337 0.197859375 0.2391121495327103
1 0.6416796874999999 0.17089953271028036 0.23170312499999998 0.23161214953271028
1 0.0738203125 0.824626168224299 0.147640625 0.23098130841121495
1 0.79590625 0.7203855140186917 0.13453125 0.18240654205607476
1 0.8109765624999999 0.8907242990654205 0.14976562499999999 0.19985981308411216
