1 0.47315625 0.46429166666666666 0.160625 0.259125
1 0.7285 0.5174791666666666 0.1819375 0.19270833333333334
1 0.0746171875 0.4969270833333333 0.149234375 0.26906250000000004
1 0.5768828125 0.16898958333333333 0.058046875 0.11922916666666666
1 0.8862578125 0.7029374999999999 0.226421875 0.27425
1 0.1207734375 0.16103125000000001 0.238171875 0.23422916666666668
1 0.3137265625 0.1765104166666667 0.055890625000000006 0.0738125
1 0.1824609375 0.29373958333333333 0.164234375 0.20514583333333333
1 0.70496875 0.26028125 0.043875 0.09502083333333333
1 0.252625 0.18507291666666667 0.062625 0.14035416666666667
1 0.9785625 0.21361458333333333 0.042875 0.11877083333333333
1 0.8437421875 0.14950000000000002 0.039703125 0.048125
1 0.8281796874999999 0.12425 0.025046875000000003 0.034666666666666665
