1 0.553 0.7518969555035129 0.57165625 0.4608430913348946
1 0.9039843750000001 0.42825526932084307 0.0725 0.0451288056206089
1 0.3943203125 0.3988758782201405 0.161921875 0.23597189695550352
1 0.6933203125 0.4791803278688525 0.155453125 0.09259953161592506
1 0.05559375 0.395128805620609 0.02684375 0.04046838407494145
1 0.631890625 0.5327634660421546 0.23493750000000002 0.2694145199063232
1 0.796828125 0.4159718969555035 0.09878125 0.17142857142857143
1 0.6297343750000001 0.43581967213114753 0.06971875 0.06405152224824356
1 0.9651250000000001 0.4258548009367681 0.06975 0.08365339578454332
1 0.5148671874999999 0.48223653395784544 0.039859375 0.04156908665105386
1 0.9207656249999999 0.4012763466042155 0.060281249999999995 0.05262295081967213
