0 0.9920078125 0.26015625 0.012515624999999999 0.0190625
0 0.8923359375000001 0.26734375 0.021859375 0.016770833333333336
0 0.9038906250000001 0.273625 0.0234375 0.017083333333333332
0 0.9309062500000002 0.2567291666666667 0.013500000000000002 0.021416666666666664
0 0.927609375 0.274875 0.029375000000000002 0.0125
0 0.9149765625 0.26104166666666667 0.008453125 0.01375
0 0.9030156250000001 0.24195833333333333 0.01390625 0.028583333333333336
0 0.9235859375000001 0.23896875 0.010515625 0.014187499999999999
0 0.9916718750000001 0.2889791666666667 0.01665625 0.025333333333333333
0 0.9104453125 0.24868749999999998 0.013953125 0.014875
0 0.9359921875000001 0.23854166666666668 0.014296875 0.019083333333333334
