1 0.684953125 0.5677529411764706 0.26075 0.4116
1 0.15924999999999997 0.5730117647058823 0.254125 0.42169411764705883
1 0.48889062499999997 0.6470235294117648 0.16546875 0.34741176470588236
1 0.3678515625 0.6393294117647059 0.147734375 0.4696705882352942
1 0.9117109375 0.6229764705882352 0.171046875 0.32444705882352937
1 0.8537734374999999 0.40189411764705885 0.16729687499999998 0.3114588235294118
1 0.6705078125 0.41501176470588236 0.244484375 0.3578352941176471
1 0.5305078125 0.39810588235294114 0.153578125 0.355835294117647
1 0.3510859375 0.3716705882352941 0.156390625 0.3129411764705882
1 0.20579687499999996 0.3969411764705882 0.148 0.34042352941176474
