1731583027138 0.15752917199109973 0
1731583076922 0.013653996336574364 1
1731583140933 0.010252873345243009 2
1731583190581 0.006711469113936399 3
1731583254722 0.003272570877861865 4
1731583304376 0.0011940864221054823 5
1731583367900 0.0003187309186593433 6
1731583417282 9.801583156711014e-05 7
1731583480605 7.748279254545772e-05 8
1731583530461 7.716871941140468e-05 9
1731583594305 7.708666525961107e-05 10
1731583643768 7.726372793231058e-05 11
1731583707668 7.720480342449486e-05 12
1731583757175 7.69302221185441e-05 13
1731583821044 7.710389240971544e-05 14
1731583870682 7.700261166270155e-05 15
1731583934482 7.685575241475552e-05 16
1731583984555 7.71634888642465e-05 17
1731584048760 7.719547483301418e-05 18
1731584098393 7.704192965784545e-05 19
1731584162586 7.708608270247676e-05 20
1731584212431 7.719245508595712e-05 21
1731584275792 7.71277003891793e-05 22
1731584325159 7.701129307054221e-05 23
1731584388771 7.703467663638553e-05 24
1731584438029 7.703412213742716e-05 25
1731584502195 7.710726834944993e-05 26
1731584552327 7.7036064221089e-05 27
1731584616603 7.722364951466134e-05 28
1731584666709 7.71255371854443e-05 29
1731584730938 7.719315556236784e-05 30
1731584780891 7.712267855188704e-05 31
1731584844735 7.689563090286415e-05 32
1731584894331 7.734582550636221e-05 33
1731584958578 7.708882402377592e-05 34
1731585008040 7.684177342831168e-05 35
1731585071324 7.702938391789466e-05 36
1731585120622 7.691529395738726e-05 37
1731585183906 7.711709004783991e-05 38
1731585233088 7.706517551323592e-05 39
1731585297189 7.709792733619504e-05 40
1731585346636 7.702856532994789e-05 41
1731585409985 7.727484477015878e-05 42
1731585459495 7.696253739511761e-05 43
1731585522507 7.698011005604606e-05 44
1731585571835 7.714910457728597e-05 45
1731585636524 7.701822975242744e-05 46
1731585686465 7.717488398582667e-05 47
1731585749827 7.72976194725928e-05 48
1731585798784 7.70586650545418e-05 49
