1731583027892 0.0 0
1731583076924 0.0 1
1731583140934 0.0 2
1731583190583 0.0 3
1731583254723 0.0 4
1731583304378 0.0 5
1731583367901 0.0 6
1731583417283 0.0 7
1731583480606 0.0 8
1731583530462 0.0 9
1731583594307 0.0 10
1731583643769 0.0 11
1731583707669 0.0 12
1731583757177 0.0 13
1731583821045 0.0 14
1731583870684 0.0 15
1731583934483 0.0 16
1731583984557 0.0 17
1731584048762 0.0 18
1731584098394 0.0 19
1731584162587 0.0 20
1731584212433 0.0 21
1731584275794 0.0 22
1731584325160 0.0 23
1731584388772 0.0 24
1731584438031 0.0 25
1731584502197 0.0 26
1731584552328 0.0 27
1731584616604 0.0 28
1731584666711 0.0 29
1731584730940 0.0 30
1731584780892 0.0 31
1731584844736 0.0 32
1731584894332 0.0 33
1731584958580 0.0 34
1731585008042 0.0 35
1731585071326 0.0 36
1731585120624 0.0 37
1731585183908 0.0 38
1731585233090 0.0 39
1731585297190 0.0 40
1731585346638 0.0 41
1731585409987 0.0 42
1731585459497 0.0 43
1731585522509 0.0 44
1731585573269 0.0 45
1731585637161 0.0 46
1731585686670 0.0 47
1731585749828 0.0 48
1731585798785 0.0 49
