1731497656905 0.0005536386861313869 0
1731497712773 0.0010726982761557178 1
1731497765483 0.0015550838661800488 2
1731497818063 0.001501967 3
1731497869831 0.0014469560000000001 4
1731497922359 0.0013919450000000001 5
1731497977232 0.0013369340000000001 6
1731498029471 0.001281923 7
1731498081237 0.0012269120000000001 8
1731498134414 0.001171901 9
1731498186420 0.0011168900000000002 10
1731498233439 0.0010618790000000002 11
1731498283286 0.001006868 12
1731498330728 0.000951857 13
1731498378586 0.0008968460000000001 14
1731498426104 0.0008418350000000001 15
1731498473272 0.0007868240000000001 16
1731498519951 0.000731813 17
1731498567313 0.0006768020000000001 18
1731498614623 0.0006217910000000001 19
1731498664974 0.00056678 20
1731498710994 0.0005117690000000001 21
1731498757196 0.00045675800000000014 22
1731498803342 0.00040174699999999993 23
1731498848461 0.00034673599999999994 24
1731498893699 0.00029172499999999995 25
1731498938765 0.00023671399999999998 26
1731498984806 0.00018170299999999996 27
1731499029255 0.00012669199999999997 28
1731499077728 7.1681e-05 29
