1731582945553 0.0 0
1731582995561 0.0 1
1731583058561 0.0 2
1731583107268 0.0 3
1731583172247 0.0 4
1731583221435 0.0 5
1731583285141 0.0 6
1731583334575 0.0 7
1731583399031 0.0 8
1731583447676 0.0 9
1731583511149 0.0 10
1731583561180 0.0 11
1731583625319 0.0 12
1731583674660 0.0 13
1731583739967 0.0 14
1731583789244 0.0 15
1731583852186 0.0 16
1731583901228 0.0 17
1731583964231 0.0 18
1731584013209 0.0 19
1731584076113 0.0 20
1731584125156 0.0 21
1731584187930 0.0 22
1731584236705 0.0 23
1731584299628 0.0 24
1731584348581 0.0 25
1731584411447 0.0 26
1731584460316 0.0 27
1731584523305 0.0 28
1731584572458 0.0 29
1731584635174 0.0 30
1731584684248 0.0 31
1731584747256 0.0 32
1731584796350 0.0 33
1731584859286 0.0 34
1731584908432 0.0 35
1731584971294 0.0 36
1731585020205 0.0 37
1731585083012 0.0 38
1731585132366 0.0 39
1731585195387 0.0 40
1731585244198 0.0 41
1731585307124 0.0 42
1731585356029 0.0 43
1731585418986 0.0 44
1731585468153 0.0 45
1731585530830 0.0 46
1731585579708 0.0 47
1731585642415 0.0 48
1731585691193 0.0 49
