1731582945551 0.170170142813139 0
1731582995560 0.014007867388034695 1
1731583058560 0.01139869824912112 2
1731583107267 0.0075521434198382725 3
1731583172246 0.003805061115789888 4
1731583221434 0.001496185520916824 5
1731583285140 0.0004099888916841316 6
1731583334574 0.00010381296845732883 7
1731583399030 7.37936613222337e-05 8
1731583447675 7.329150051379436e-05 9
1731583511148 7.326814918122653e-05 10
1731583561179 7.3461253169592e-05 11
1731583625318 7.348686252327876e-05 12
1731583674659 7.327037442707457e-05 13
1731583739966 7.339715326107914e-05 14
1731583789242 7.323967587780089e-05 15
1731583852184 7.340066308705938e-05 16
1731583901226 7.353443824161009e-05 17
1731583964230 7.337410466540627e-05 18
1731584013207 7.354830312323533e-05 19
1731584076112 7.37113548305237e-05 20
1731584125053 7.349103903043956e-05 21
1731584187928 7.348014302282917e-05 22
1731584236703 7.324018519772563e-05 23
1731584299627 7.336732227151427e-05 24
1731584348580 7.338683804779611e-05 25
1731584411446 7.337086286746507e-05 26
1731584460315 7.342222280429567e-05 27
1731584523303 7.331552227012007e-05 28
1731584572456 7.330750355425821e-05 29
1731584635173 7.331320046085326e-05 30
1731584684246 7.351195297438056e-05 31
1731584747254 7.320428377899885e-05 32
1731584796349 7.347574712593203e-05 33
1731584859284 7.344404284299145e-05 34
1731584908430 7.332993457559832e-05 35
1731584971292 7.360030623376628e-05 36
1731585020204 7.348337534973143e-05 37
1731585083010 7.323033538745589e-05 38
1731585132365 7.337610415579865e-05 39
1731585195385 7.352050734139375e-05 40
1731585244197 7.33706053013416e-05 41
1731585307122 7.338576710084742e-05 42
1731585356028 7.36273355314294e-05 43
1731585418984 7.316506402308048e-05 44
1731585468151 7.33986481797073e-05 45
1731585530829 7.340859777083245e-05 46
1731585579706 7.34894492315527e-05 47
1731585642329 7.355973000971112e-05 48
1731585691191 7.33575185872003e-05 49
