1731592904031 0.0 0
1731592959471 0.0 1
1731593030915 0.0 2
1731593085919 0.0 3
1731593157107 0.0 4
1731593213386 0.0 5
1731593285936 0.0 6
1731593342374 0.0 7
1731593413564 0.0 8
1731593468709 0.0 9
1731593539508 0.0 10
1731593596240 0.0 11
1731593667204 0.0 12
1731593722294 0.0 13
1731593790151 0.0 14
1731593843681 0.0 15
1731593912345 0.0 16
1731593964301 0.0 17
1731594033165 0.0 18
1731594085256 0.0 19
1731594153684 0.0 20
1731594207197 0.0 21
1731594276206 0.0 22
1731594329638 0.0 23
1731594396913 0.0 24
1731594451220 0.0 25
1731594520786 0.0 26
1731594574652 0.0 27
1731594642007 0.0 28
1731594696188 0.0 29
1731594765093 0.0 30
1731594816699 0.0 31
1731594881406 0.0 32
1731594929902 0.0 33
1731594989518 0.0 34
1731595035626 0.0 35
1731595094486 0.0 36
1731595140177 0.0 37
1731595199201 0.0 38
1731595245637 0.0 39
1731595304795 0.0 40
1731595351110 0.0 41
1731595410646 0.0 42
1731595456375 0.0 43
1731595515319 0.0 44
1731595561911 0.0 45
1731595620737 0.0 46
1731595666887 0.0 47
1731595725902 0.0 48
1731595771712 0.0 49
