1731592904030 0.14444422853879121 0
1731592959470 0.014044947252841666 1
1731593030913 0.010918095483353936 2
1731593085917 0.006998456143983911 3
1731593157106 0.0034360691035206317 4
1731593213384 0.0013207601526774788 5
1731593285934 0.0003611853406884493 6
1731593342373 9.82067966675871e-05 7
1731593413562 7.357137978575935e-05 8
1731593468707 7.340074363732351e-05 9
1731593539506 7.32203494854488e-05 10
1731593596239 7.345131906127568e-05 11
1731593667202 7.347547524055476e-05 12
1731593722292 7.333243240522104e-05 13
1731593790149 7.337240998537172e-05 14
1731593843679 7.343023071462019e-05 15
1731593912343 7.334134611055045e-05 16
1731593964300 7.324687104042681e-05 17
1731594033163 7.343612235941495e-05 18
1731594085254 7.339680033623732e-05 19
1731594153682 7.337210689502304e-05 20
1731594207195 7.332935007132905e-05 21
1731594276204 7.348812891368216e-05 22
1731594329637 7.326171017727117e-05 23
1731594396912 7.332450059063606e-05 24
1731594451217 7.348067335961657e-05 25
1731594520784 7.350834138232154e-05 26
1731594574650 7.338486381215809e-05 27
1731594642005 7.350641893483868e-05 28
1731594696186 7.32536834890372e-05 29
1731594765092 7.32923506077844e-05 30
1731594816697 7.351151663322613e-05 31
1731594881404 7.350756830108428e-05 32
1731594929900 7.337228376348607e-05 33
1731594989516 7.330519967446326e-05 34
1731595035625 7.355446449757112e-05 35
1731595094485 7.336152025210156e-05 36
1731595140176 7.366550124545007e-05 37
1731595199200 7.353737757687623e-05 38
1731595245635 7.34789450883437e-05 39
1731595304793 7.337368876177432e-05 40
1731595351109 7.335871937071427e-05 41
1731595410644 7.346948682909297e-05 42
1731595456373 7.340312152064011e-05 43
1731595515318 7.339956990450197e-05 44
1731595561909 7.339910500200821e-05 45
1731595620735 7.330482559122859e-05 46
1731595666885 7.341161837673738e-05 47
1731595725900 7.33959715676177e-05 48
1731595771710 7.345040060142487e-05 49
