1731592534298 0.0 0
1731592660655 0.0 1
1731592819023 0.0 2
1731592946744 0.0 3
1731593107305 0.0 4
1731593235712 0.0 5
1731593397405 0.0 6
1731593527673 0.0 7
1731593688590 0.0 8
1731593818882 0.0 9
1731593980903 0.0 10
1731594109202 0.0 11
1731594269943 0.0 12
1731594399052 0.0 13
1731594561934 0.0 14
1731594690639 0.0 15
1731594860414 0.0 16
1731594996533 0.0 17
1731595158954 0.0 18
1731595285824 0.0 19
1731595445613 0.0 20
1731595573432 0.0 21
1731595742136 0.0 22
1731595876089 0.0 23
1731596048395 0.0 24
1731596182828 0.0 25
1731596350521 0.0 26
1731596485019 0.0 27
1731596654659 0.0 28
1731596793614 0.0 29
1731596954663 0.0 30
1731597087321 0.0 31
1731597249476 0.0 32
1731597382981 0.0 33
