1731592534292 8.005204946669036 0
1731592660648 8.004243006886439 1
1731592819019 8.005837309672389 2
1731592946741 8.00622396708228 3
1731593107301 8.00626972473638 4
1731593235705 8.006032900581527 5
1731593397400 8.005225473884927 6
1731593527669 8.006652787501036 7
1731593688588 8.006313469867374 8
1731593818878 8.00475321623475 9
1731593980899 8.006498864570329 10
1731594109198 8.00483134822097 11
1731594269938 8.005493193518284 12
1731594399048 8.005499310098415 13
1731594561931 8.004508869939071 14
1731594690635 8.00746860285831 15
1731594860410 8.005182918421058 16
1731594996529 8.005999187224132 17
1731595158951 8.00548805573652 18
1731595285819 8.00630632233481 19
1731595445604 8.005218840615694 20
1731595573428 8.00579076606867 21
1731595742132 8.006468304367953 22
1731595876086 8.005491342828718 23
1731596048383 8.005514067099538 24
1731596182824 8.006539306841617 25
1731596350518 8.00556170749803 26
1731596485013 8.00548167509395 27
1731596654650 8.006453953856646 28
1731596793612 8.006805379203586 29
1731596954659 8.005985145998556 30
1731597087318 8.005811995371829 31
1731597249471 8.00538889734551 32
1731597382978 8.006358685188514 33
