1731582961155 0.0 0
1731583010324 0.0 1
1731583075124 0.0 2
1731583125029 0.0 3
1731583191076 0.0 4
1731583240816 0.0 5
1731583306267 0.0 6
1731583357447 0.0 7
1731583422711 0.0 8
1731583473317 0.0 9
1731583539275 0.0 10
1731583590117 0.0 11
1731583655189 0.0 12
1731583705882 0.0 13
1731583772078 0.0 14
1731583822174 0.0 15
1731583887332 0.0 16
1731583938350 0.0 17
1731584004679 0.0 18
1731584055848 0.0 19
1731584122252 0.0 20
1731584172243 0.0 21
1731584237722 0.0 22
1731584288865 0.0 23
1731584355400 0.0 24
1731584406592 0.0 25
1731584472513 0.0 26
1731584522399 0.0 27
1731584587808 0.0 28
1731584639181 0.0 29
1731584705579 0.0 30
1731584756738 0.0 31
1731584823143 0.0 32
1731584874053 0.0 33
1731584940469 0.0 34
1731584990405 0.0 35
1731585054626 0.0 36
1731585105514 0.0 37
1731585172915 0.0 38
1731585224129 0.0 39
1731585290794 0.0 40
1731585340698 0.0 41
1731585404590 0.0 42
1731585455879 0.0 43
1731585522088 0.0 44
1731585573302 0.0 45
1731585640183 0.0 46
1731585691557 0.0 47
1731585756088 0.0 48
1731585806440 0.0 49
