1731582961153 2.7051569720224025e-06 0
1731583010323 1.3650044513705134e-08 1
1731583075122 2.953365225533527e-09 2
1731583125028 7.77610783330892e-10 3
1731583191075 2.220164307255127e-10 4
1731583240815 8.451694170161873e-11 5
1731583306266 4.6730840294290774e-11 6
1731583357446 2.714865652731549e-11 7
1731583422710 2.063840310007437e-11 8
1731583473316 1.4837079327617423e-11 9
1731583539274 1.3287395940684566e-11 10
1731583590116 1.212846601095216e-11 11
1731583655188 9.43555279795937e-12 12
1731583705881 8.757990217361342e-12 13
1731583772076 6.933308569145494e-12 14
1731583822172 7.562979538429196e-12 15
1731583887331 4.9111257894747094e-12 16
1731583938349 5.488100968361125e-12 17
1731584004677 4.718177852248122e-12 18
1731584055847 4.6572688132650045e-12 19
1731584122251 5.103165398837778e-12 20
1731584172241 4.818426412348595e-12 21
1731584237721 4.3639131701160174e-12 22
1731584288864 3.1189665598827198e-12 23
1731584355399 3.5570881785433848e-12 24
1731584406591 4.054762886902689e-12 25
1731584472512 3.0599785176489432e-12 26
1731584522397 4.192991631115457e-12 27
1731584587806 5.742632554796972e-12 28
1731584639179 5.521857668210688e-12 29
1731584705578 3.653363606246044e-12 30
1731584756658 2.8536775506494804e-12 31
1731584823141 3.0870012821242267e-12 32
1731584874052 2.933206073569529e-12 33
1731584940467 2.743478953896098e-12 34
1731584990404 1.9122129596047653e-12 35
1731585054625 5.0827829876727955e-12 36
1731585105512 2.0779181607042335e-12 37
1731585172913 2.362535269008914e-12 38
1731585224127 1.9181573268398905e-12 39
1731585290792 1.6992027372053854e-12 40
1731585340696 5.795507152064252e-12 41
1731585404588 1.3970322464853916e-12 42
1731585455877 3.2796010865047754e-12 43
1731585522087 2.944531884480483e-12 44
1731585573301 1.24134494255124e-12 45
1731585640181 1.814316421979664e-12 46
1731585691556 1.724749950361579e-12 47
1731585756087 2.439558014984063e-12 48
1731585806438 1.4525686997800772e-12 49
