1731497656905 1.52177 0
1731497712773 1.62944 1
1731497765483 1.65951 2
1731497818063 1.68744 3
1731497869831 1.63377 4
1731497922359 1.60416 5
1731497977232 1.55718 6
1731498029471 1.53958 7
1731498081237 1.51721 8
1731498134414 1.49498 9
1731498186420 1.49442 10
1731498233439 1.45408 11
1731498283286 1.4512 12
1731498330728 1.43862 13
1731498378586 1.42106 14
1731498426104 1.4074 15
1731498473272 1.39401 16
1731498519951 1.37097 17
1731498567313 1.36433 18
1731498614623 1.34616 19
1731498664974 1.33606 20
1731498710994 1.33763 21
1731498757196 1.3152 22
1731498803342 1.29086 23
1731498848461 1.27905 24
1731498893699 1.26141 25
1731498938765 1.24807 26
1731498984806 1.23129 27
1731499029255 1.22657 28
1731499077728 1.2066 29
