1731497656905 2.2384 0
1731497712773 2.01182 1
1731497765483 1.98536 2
1731497818063 2.00228 3
1731497869831 1.91584 4
1731497922359 1.85274 5
1731497977232 1.79848 6
1731498029471 1.75894 7
1731498081237 1.72995 8
1731498134414 1.71266 9
1731498186420 1.68811 10
1731498233439 1.64019 11
1731498283286 1.61915 12
1731498330728 1.58958 13
1731498378586 1.56455 14
1731498426104 1.54735 15
1731498473272 1.52304 16
1731498519951 1.50995 17
1731498567313 1.50107 18
1731498614623 1.46874 19
1731498664974 1.48078 20
1731498710994 1.43968 21
1731498757196 1.39858 22
1731498803342 1.36433 23
1731498848461 1.34142 24
1731498893699 1.31167 25
1731498938765 1.29444 26
1731498984806 1.26258 27
1731499029255 1.24689 28
1731499077728 1.22644 29
