1731497656905 1.41455 0
1731497712773 1.47239 1
1731497765483 1.49057 2
1731497818063 1.51184 3
1731497869831 1.49004 4
1731497922359 1.4663 5
1731497977232 1.43912 6
1731498029471 1.42446 7
1731498081237 1.409 8
1731498134414 1.3897 9
1731498186420 1.39193 10
1731498233439 1.3694 11
1731498283286 1.35806 12
1731498330728 1.35185 13
1731498378586 1.34667 14
1731498426104 1.33534 15
1731498473272 1.33494 16
1731498519951 1.31993 17
1731498567313 1.31293 18
1731498614623 1.30078 19
1731498664974 1.29425 20
1731498710994 1.28832 21
1731498757196 1.26872 22
1731498803342 1.26339 23
1731498848461 1.24668 24
1731498893699 1.24131 25
1731498938765 1.23126 26
1731498984806 1.22133 27
1731499029255 1.21897 28
1731499077728 1.213 29
