1731583532596 0.15726631260774812 0
1731583581893 0.01408468198226115 1
1731583646691 0.010969657094730877 2
1731583696204 0.0070543478749493455 3
1731583760099 0.0034549317993497783 4
1731583809654 0.001303091845816092 5
1731583874079 0.0003463511582483904 6
1731583925649 9.416700457290179e-05 7
1731583990983 7.340136888824432e-05 8
1731584042318 7.337329074977371e-05 9
1731584108507 7.332307611083579e-05 10
1731584160818 7.364379175505865e-05 11
1731584228013 7.34275357339268e-05 12
1731584280289 7.348060499606919e-05 13
1731584347497 7.341519278022892e-05 14
1731584396974 7.344419074998044e-05 15
1731584461934 7.33237970655839e-05 16
1731584514222 7.353563347826392e-05 17
1731584580542 7.341941530585523e-05 18
1731584630452 7.347640973363717e-05 19
1731584697068 7.343014567413907e-05 20
1731584747059 7.334326429622277e-05 21
1731584813561 7.350658157137858e-05 22
1731584865269 7.337718338974118e-05 23
1731584932995 7.330925702517706e-05 24
1731584982856 7.338504807167013e-05 25
1731585047994 7.351235576312864e-05 26
1731585097012 7.346446730114721e-05 27
1731585163296 7.330323882925096e-05 28
1731585215037 7.337418302918169e-05 29
1731585282279 7.322968660311181e-05 30
1731585334023 7.339644567453164e-05 31
1731585401071 7.340523983897739e-05 32
1731585451930 7.347819664476269e-05 33
1731585517427 7.343267146469252e-05 34
1731585569903 7.319653150897913e-05 35
1731585635892 7.33247782233126e-05 36
1731585685277 7.343950003873982e-05 37
1731585747846 7.341289767348861e-05 38
1731585798775 7.350967545464703e-05 39
1731585862278 7.343178929358117e-05 40
1731585907493 7.359263900579748e-05 41
1731585968478 7.363728137237608e-05 42
1731586016676 7.3466394190431e-05 43
1731586078232 7.339852283302852e-05 44
1731586126569 7.337686360800004e-05 45
1731586187137 7.346016863937959e-05 46
1731586233690 7.355497995162781e-05 47
1731586294903 7.327613512371779e-05 48
1731586340083 7.328112503417678e-05 49
