1731583532598 0.0 0
1731583581894 0.0 1
1731583646693 0.0 2
1731583696206 0.0 3
1731583760100 0.0 4
1731583809656 0.0 5
1731583874081 0.0 6
1731583925772 0.0 7
1731583991258 0.0 8
1731584042320 0.0 9
1731584108509 0.0 10
1731584160820 0.0 11
1731584228014 0.0 12
1731584280549 0.0 13
1731584347499 0.0 14
1731584396976 0.0 15
1731584461936 0.0 16
1731584514224 0.0 17
1731584580544 0.0 18
1731584630454 0.0 19
1731584697069 0.0 20
1731584747060 0.0 21
1731584813562 0.0 22
1731584865270 0.0 23
1731584932996 0.0 24
1731584982858 0.0 25
1731585047995 0.0 26
1731585097014 0.0 27
1731585163298 0.0 28
1731585215038 0.0 29
1731585282280 0.0 30
1731585334025 0.0 31
1731585401073 0.0 32
1731585451932 0.0 33
1731585517429 0.0 34
1731585569905 0.0 35
1731585635894 0.0 36
1731585685279 0.0 37
1731585747848 0.0 38
1731585798777 0.0 39
1731585862280 0.0 40
1731585907495 0.0 41
1731585968479 0.0 42
1731586016677 0.0 43
1731586078234 0.0 44
1731586126570 0.0 45
1731586187139 0.0 46
1731586233692 0.0 47
1731586294905 0.0 48
1731586340085 0.0 49
